0 -0.45906 -1.4183 0.706666 -0.5958 0.3363 -0.7293 0.280195 0.620344 0.564965 -0.469896 -0.678242 0.434036 0.898903 0.0598757
1 -0.457764 -1.50864 0.745185 -0.7196 -0.4539 -0.5255 0.280195 0.627479 0.689211 -0.374612 -0.620204 -0.0795782 0.805744 -0.586893
2 -0.45932 -1.50511 0.753535 -0.8988 -0.0466 0.4359 0.279514 0.627479 -0.361883 -0.482375 -0.797719 -0.229512 0.897191 -0.377322
3 -0.45906 -1.4183 0.706666 -0.5958 0.3363 -0.7293 0.280195 0.620344 0.564965 -0.469896 -0.678242 0.434036 0.898903 0.0598757
4 -0.45932 -1.50511 0.753535 -0.8988 -0.0466 0.4359 0.279514 0.627479 -0.361883 -0.482375 -0.797719 -0.229512 0.897191 -0.377322
5 -0.460617 -1.41476 0.715017 -0.7419 0.6683 0.0544 0.279514 0.620344 -0.167619 -0.106297 -0.980105 0.544488 0.647822 -0.532784
6 -0.453958 -1.4129 0.719143 -0.1404 0.8748 0.4637 0.214732 0.684271 0.989908 0.133116 0.0485974 -0.0954143 -0.478109 0.873102
7 -0.452662 -1.50325 0.757661 -0.1635 0.202 0.9656 0.214732 0.677132 0.98612 0.00484908 0.165965 -0.0385957 -0.979372 0.198346
8 -0.444877 -1.50396 0.755741 0.7249 0.0825 0.6838 0.215328 0.677132 0.687214 -0.155288 -0.709664 -0.135907 -0.95614 0.259473
9 -0.453958 -1.4129 0.719143 -0.1404 0.8748 0.4637 0.214732 0.684271 0.989908 0.133116 0.0485974 -0.0954143 -0.478109 0.873102
10 -0.444877 -1.50396 0.755741 0.7249 0.0825 0.6838 0.215328 0.677132 0.687215 -0.155263 -0.709668 -0.135912 -0.956138 0.259478
11 -0.446173 -1.41361 0.717222 0.5799 0.7734 0.2562 0.215328 0.684271 0.794623 -0.467585 -0.387219 0.455166 -0.56829 0.685471
12 -0.446173 -1.41361 0.717222 0.5799 0.7733 0.2562 0.280195 0.628004 -0.465072 0.0561039 0.883493 -0.455082 0.568431 -0.685409
13 -0.444877 -1.50396 0.755741 0.725 0.0824 0.6838 0.280195 0.63514 -0.652058 0.401827 0.642927 0.180895 0.935181 -0.304487
14 -0.443321 -1.5075 0.74739 0.9041 -0.3249 -0.2775 0.279514 0.63514 0.380512 0.31683 0.868809 0.184245 0.882454 -0.432814
15 -0.446173 -1.41361 0.717222 0.5799 0.7733 0.2562 0.280195 0.628004 -0.465072 0.0561039 0.883493 -0.455082 0.568431 -0.685409
16 -0.443321 -1.5075 0.74739 0.9041 -0.3249 -0.2775 0.279514 0.63514 0.380512 0.31683 0.868809 0.184245 0.882454 -0.432814
17 -0.444617 -1.41715 0.708872 0.726 0.4413 -0.5275 0.279514 0.628004 0.391353 0.365719 0.844448 -0.565546 0.819488 -0.0927279
18 -0.451275 -1.419 0.704746 0.1238 0.2744 -0.9536 0.408152 0.680715 0.986577 -0.137163 0.0886096 -0.115942 0.958428 0.260716
19 -0.449979 -1.50935 0.743264 0.1685 -0.5529 -0.8161 0.408152 0.687854 0.981013 0.0133768 0.193479 0.0935074 0.833121 -0.545129
20 -0.457764 -1.50864 0.745185 -0.7196 -0.4538 -0.5255 0.407761 0.687937 0.689211 -0.374612 -0.620204 -0.0795782 0.805744 -0.586893
21 -0.451275 -1.419 0.704746 0.1238 0.2744 -0.9536 0.408152 0.680715 0.986577 -0.137163 0.0886096 -0.115942 0.958428 0.260716
22 -0.457764 -1.50864 0.745185 -0.7196 -0.4538 -0.5255 0.407761 0.687937 0.689211 -0.374612 -0.620204 -0.0795782 0.805744 -0.586893
23 -0.45906 -1.4183 0.706666 -0.5958 0.3363 -0.7293 0.407761 0.680798 0.564965 -0.469896 -0.678242 0.434036 0.898903 0.0598757
24 -0.453958 -1.4129 0.719143 -0.1403 0.8748 0.4636 0.534904 0.227011 -0.98553 -0.0784225 -0.150271 0.0953451 0.477893 -0.873228
25 -0.446173 -1.41361 0.717222 0.5799 0.7733 0.2563 0.534362 0.226765 -0.804339 0.593452 0.029222 0.465173 -0.0560497 -0.883444
26 -0.444617 -1.41715 0.708872 0.7259 0.4413 -0.5275 0.534362 0.226085 -0.672409 0.29388 -0.679339 -0.159997 -0.637556 -0.753607
27 -0.453958 -1.4129 0.719143 -0.1403 0.8748 0.4636 0.534904 0.227011 -0.985581 -0.0786834 -0.149794 0.0953617 0.477894 -0.873226
28 -0.444617 -1.41715 0.708872 0.7259 0.4413 -0.5275 0.534362 0.226085 -0.672409 0.29388 -0.679339 -0.159997 -0.637556 -0.753607
29 -0.451275 -1.419 0.704746 0.1239 0.2744 -0.9536 0.534904 0.225838 -0.985507 -0.0781815 -0.150543 0.115881 -0.958431 -0.260734
30 -0.443321 -1.5075 0.74739 0.9041 -0.3249 -0.2775 0.279514 0.63514 0.380512 0.31683 0.868809 0.184245 0.882454 -0.432814
31 -0.444877 -1.50396 0.755741 0.725 0.0824 0.6838 0.280195 0.63514 -0.652058 0.401827 0.642927 0.180895 0.935181 -0.304487
32 -0.446476 -1.50897 0.756259 0.4871 -0.5221 0.7001 0.280107 0.635514 -0.363989 0.607325 0.706164 0.693165 0.718772 0.0537455
33 -0.443321 -1.5075 0.74739 0.9041 -0.3249 -0.2775 0.279514 0.63514 0.380512 0.31683 0.868809 0.184245 0.882454 -0.432814
34 -0.446476 -1.50897 0.756259 0.4871 -0.5221 0.7001 0.280107 0.635514 -0.363989 0.607325 0.706164 0.693165 0.718772 0.0537455
35 -0.445322 -1.5116 0.750063 0.6062 -0.793 0.0608 0.279602 0.635514 0.0475081 0.112404 0.992526 0.76363 0.558953 -0.323174
36 -0.444877 -1.50396 0.755741 0.7249 0.0825 0.6838 0.215328 0.677132 0.687214 -0.155288 -0.709664 -0.000298123 -0.992765 0.120071
37 -0.452662 -1.50325 0.757661 -0.1635 0.202 0.9656 0.214732 0.677132 0.98612 0.00484908 0.165965 -0.0385957 -0.979372 0.198346
38 -0.452252 -1.50845 0.757684 -0.0979 -0.4621 0.8814 0.214795 0.676758 0.993204 -0.101383 0.0571636 -0.0486791 -0.88238 -0.468013
39 -0.444877 -1.50396 0.755741 0.7249 0.0825 0.6838 0.215328 0.677132 0.68721 -0.155371 -0.709649 8.28293e-05 -0.992813 0.119673
40 -0.452252 -1.50845 0.757684 -0.0979 -0.4621 0.8814 0.214795 0.676758 0.993204 -0.101383 0.0571636 -0.0486791 -0.88238 -0.468013
41 -0.446476 -1.50897 0.756259 0.4871 -0.5221 0.7 0.215237 0.676758 0.850452 0.101214 -0.516224 -0.382881 -0.848175 -0.366063
42 -0.460617 -1.41476 0.715017 -0.7418 0.6684 0.0544 0.535446 0.226765 -0.657807 -0.709435 -0.252967 -0.167625 -0.106274 -0.980106
43 -0.453958 -1.4129 0.719143 -0.1403 0.8748 0.4636 0.534904 0.227011 -0.985472 -0.0781342 -0.150798 0.0953617 0.477894 -0.873226
44 -0.451275 -1.419 0.704746 0.1239 0.2744 -0.9536 0.534904 0.225838 -0.985507 -0.0781815 -0.150543 0.115881 -0.958431 -0.260734
45 -0.460617 -1.41476 0.715017 -0.7418 0.6684 0.0544 0.535446 0.226765 -0.657807 -0.709435 -0.252967 -0.167625 -0.106274 -0.980106
46 -0.451275 -1.419 0.704746 0.1239 0.2744 -0.9536 0.534904 0.225838 -0.985507 -0.0781815 -0.150543 0.115881 -0.958431 -0.260734
47 -0.45906 -1.4183 0.706666 -0.5958 0.3363 -0.7293 0.535446 0.226085 -0.789677 -0.410921 0.455581 0.472755 -0.587213 -0.657026
48 -0.444617 -1.41715 0.708872 0.7259 0.4413 -0.5275 0.408748 0.680715 0.391353 0.365719 0.844448 -0.565546 0.819488 -0.0927279
49 -0.443321 -1.5075 0.74739 0.9041 -0.3248 -0.2775 0.408748 0.687854 0.380512 0.31683 0.868809 0.184245 0.882454 -0.432814
50 -0.449979 -1.50935 0.743264 0.1685 -0.5529 -0.8161 0.408152 0.687854 0.981013 0.0133768 0.193479 0.0935074 0.833121 -0.545129
51 -0.444617 -1.41715 0.708872 0.7259 0.4413 -0.5275 0.408748 0.680715 0.391353 0.365719 0.844448 -0.565546 0.819488 -0.0927279
52 -0.449979 -1.50935 0.743264 0.1685 -0.5529 -0.8161 0.408152 0.687854 0.981013 0.0133768 0.193479 0.0935074 0.833121 -0.545129
53 -0.451275 -1.419 0.704746 0.1238 0.2744 -0.9536 0.408152 0.680715 0.986577 -0.137163 0.0886096 -0.115942 0.958428 0.260716
54 -0.460617 -1.41476 0.715017 -0.7419 0.6684 0.0544 0.214341 0.684188 0.513212 0.513815 0.687465 -0.544601 -0.647702 0.532815
55 -0.45932 -1.50511 0.753535 -0.8988 -0.0465 0.436 0.214341 0.677049 0.431402 0.0831165 0.898323 0.127862 -0.978941 0.159138
56 -0.452662 -1.50325 0.757661 -0.1635 0.202 0.9656 0.214732 0.677132 0.98612 0.00484908 0.165965 -0.0385957 -0.979372 0.198346
57 -0.460617 -1.41476 0.715017 -0.7419 0.6684 0.0544 0.214341 0.684188 0.513212 0.513815 0.687465 -0.544601 -0.647702 0.532815
58 -0.452662 -1.50325 0.757661 -0.1635 0.202 0.9656 0.214732 0.677132 0.98612 0.00484908 0.165965 -0.0385957 -0.979372 0.198346
59 -0.453958 -1.4129 0.719143 -0.1404 0.8748 0.4637 0.214732 0.684271 0.989908 0.133116 0.0485974 -0.0954143 -0.478109 0.873102
60 -0.452252 -1.50845 0.757684 -0.0979 -0.4621 0.8814 0.54112 0.226232 -0.985503 -0.0782955 -0.150512 -0.138439 0.883368 0.447767
61 -0.457192 -1.50982 0.754623 -0.5862 -0.6074 0.5362 0.541523 0.226415 -0.794429 0.30119 -0.527416 0.0400308 0.639307 0.767909
62 -0.456038 -1.51245 0.748427 -0.467 -0.8782 -0.1031 0.541523 0.22692 -0.871838 0.47676 -0.112246 -0.356367 0.0802386 0.930894
63 -0.452252 -1.50845 0.757684 -0.0979 -0.4621 0.8814 0.54112 0.226232 -0.985503 -0.0782955 -0.150512 -0.138439 0.883368 0.447767
64 -0.456038 -1.51245 0.748427 -0.467 -0.8782 -0.1031 0.541523 0.22692 -0.871838 0.47676 -0.112246 -0.356367 0.0802386 0.930894
65 -0.450262 -1.51297 0.747002 0.1182 -0.9533 -0.278 0.54112 0.227103 -0.9855 -0.0782953 -0.15053 -0.121587 -0.291774 0.948728
66 -0.446476 -1.50897 0.756259 0.4871 -0.5221 0.7001 0.540718 0.226415 -0.858751 -0.432277 0.275106 -0.363963 0.607345 0.706161
67 -0.452252 -1.50845 0.757684 -0.0979 -0.4621 0.8814 0.54112 0.226232 -0.985503 -0.0782955 -0.150512 -0.138439 0.883368 0.447767
68 -0.450262 -1.51297 0.747002 0.1182 -0.9533 -0.278 0.54112 0.227103 -0.9855 -0.0782953 -0.15053 -0.121587 -0.291774 0.948728
69 -0.446476 -1.50897 0.756259 0.4871 -0.5221 0.7001 0.540718 0.226415 -0.858751 -0.432277 0.275106 -0.363963 0.607345 0.706161
70 -0.450262 -1.51297 0.747002 0.1182 -0.9533 -0.278 0.54112 0.227103 -0.9855 -0.0782953 -0.15053 -0.121587 -0.291774 0.948728
71 -0.445322 -1.5116 0.750063 0.6062 -0.793 0.0608 0.540718 0.22692 -0.781495 -0.608119 -0.139484 0.0475082 0.112404 0.992526
72 -0.449979 -1.50935 0.743264 0.1685 -0.5529 -0.8161 0.408152 0.687854 0.981013 0.0133768 0.193479 0.0935074 0.833121 -0.545129
73 -0.443321 -1.5075 0.74739 0.9041 -0.3248 -0.2775 0.408748 0.687854 0.380512 0.31683 0.868809 0.184245 0.882454 -0.432814
74 -0.445322 -1.5116 0.750063 0.6063 -0.7929 0.0609 0.408657 0.688228 0.656465 0.542252 0.52442 0.583928 0.391903 -0.710943
75 -0.449979 -1.50935 0.743264 0.1685 -0.5529 -0.8161 0.408152 0.687854 0.981013 0.0133768 0.193479 0.0935074 0.833121 -0.545129
76 -0.445322 -1.5116 0.750063 0.6063 -0.7929 0.0609 0.408657 0.688228 0.656465 0.542252 0.52442 0.583928 0.391903 -0.710943
77 -0.450262 -1.51297 0.747002 0.1182 -0.9533 -0.278 0.408215 0.688228 0.975478 0.0591266 0.212006 0.316417 0.301505 -0.89943
78 -0.452662 -1.50325 0.757661 -0.1635 0.202 0.9656 0.214732 0.677132 0.98612 0.00484908 0.165965 -0.0385957 -0.979372 0.198346
79 -0.45932 -1.50511 0.753535 -0.8988 -0.0465 0.436 0.214341 0.677049 0.431402 0.0831165 0.898323 0.127862 -0.978941 0.159138
80 -0.457192 -1.50982 0.754623 -0.5862 -0.6073 0.5363 0.214504 0.676697 0.716764 -0.0801812 0.692691 0.300118 -0.777569 -0.552554
81 -0.452662 -1.50325 0.757661 -0.1635 0.202 0.9656 0.214732 0.677132 0.98612 0.00484908 0.165965 -0.0385957 -0.979372 0.198346
82 -0.457192 -1.50982 0.754623 -0.5862 -0.6073 0.5363 0.214504 0.676697 0.716764 -0.0801812 0.692691 0.300118 -0.777569 -0.552554
83 -0.452252 -1.50845 0.757684 -0.0979 -0.4621 0.8814 0.214795 0.676758 0.993204 -0.101383 0.0571636 -0.0486791 -0.88238 -0.468013
84 -0.45932 -1.50511 0.753535 -0.8988 -0.0466 0.4359 0.279514 0.627479 -0.361883 -0.482375 -0.797719 -0.229512 0.897191 -0.377322
85 -0.457764 -1.50864 0.745185 -0.7196 -0.4539 -0.5255 0.280195 0.627479 0.689211 -0.374612 -0.620204 -0.0795782 0.805744 -0.586893
86 -0.456038 -1.51245 0.748427 -0.467 -0.8782 -0.1031 0.280107 0.627854 0.356424 -0.0802718 -0.93087 -0.70986 0.441903 -0.548471
87 -0.45932 -1.50511 0.753535 -0.8988 -0.0466 0.4359 0.279514 0.627479 -0.361883 -0.482375 -0.797719 -0.229512 0.897191 -0.377322
88 -0.456038 -1.51245 0.748427 -0.467 -0.8782 -0.1031 0.280107 0.627854 0.356424 -0.0802718 -0.93087 -0.70986 0.441903 -0.548471
89 -0.457192 -1.50982 0.754623 -0.5862 -0.6074 0.5362 0.279602 0.627854 -0.0400309 -0.639307 -0.767909 -0.780241 0.601493 -0.171552
90 -0.457764 -1.50864 0.745185 -0.7196 -0.4538 -0.5255 0.407761 0.687937 0.689211 -0.374612 -0.620204 -0.0795782 0.805744 -0.586893
91 -0.449979 -1.50935 0.743264 0.1685 -0.5529 -0.8161 0.408152 0.687854 0.981013 0.0133768 0.193479 0.0935074 0.833121 -0.545129
92 -0.450262 -1.51297 0.747002 0.1182 -0.9533 -0.278 0.408215 0.688228 0.975478 0.0591266 0.212006 0.316417 0.301505 -0.89943
93 -0.457764 -1.50864 0.745185 -0.7196 -0.4538 -0.5255 0.407761 0.687937 0.689211 -0.374612 -0.620204 -0.0795782 0.805744 -0.586893
94 -0.450262 -1.51297 0.747002 0.1182 -0.9533 -0.278 0.408215 0.688228 0.975478 0.0591266 0.212006 0.316417 0.301505 -0.89943
95 -0.456038 -1.51245 0.748427 -0.4671 -0.8782 -0.1031 0.407924 0.68829 0.878017 -0.446899 -0.171372 -0.0149586 0.124389 -0.992121
