0 -0.806067 0.927703 -0.914348 -1 0 0 0.990843 0.212913 0 -0.0686112 -0.997643 0 0.997651 -0.0685005
1 -0.806067 1.20458 -0.944539 -1 0 0 0.991668 0.192334 0 -0.0686297 -0.997642 0 0.997651 -0.0685022
2 -0.806067 1.1892 -0.997255 -1 0 0 0.995636 0.193201 0 -0.0686176 -0.997643 0 0.997651 -0.0685014
3 -0.806067 0.927703 -0.914348 -1 0 0 0.990843 0.212913 0 -0.0686112 -0.997643 0 0.997651 -0.0685005
4 -0.806067 1.1892 -0.997255 -1 0 0 0.995636 0.193201 0 -0.0686176 -0.997643 0 0.997651 -0.0685014
5 -0.806067 0.917794 -0.97862 -1 0 0 0.995636 0.213318 0 -0.0685704 -0.997646 0 0.997651 -0.0684985
6 0.733017 0.646389 -0.959986 0.9943 -0.1068 0.0073 0.41664 0.979576 -3.29837e-05 -0.0684986 -0.997651 -0.107044 -0.991919 0.0681046
7 0.754204 0.842687 -0.973464 0.9943 -0.1068 0.0073 0.41664 0.991793 -3.29455e-05 -0.0684982 -0.997651 -0.107044 -0.991919 0.0681063
8 0.754204 0.847126 -0.908815 0.9943 -0.1068 0.0073 0.411847 0.991793 -3.29837e-05 -0.0684986 -0.997651 -0.107044 -0.991919 0.0681046
9 0.733017 0.646389 -0.959986 0.9943 -0.1068 0.0073 0.41664 0.979576 -3.29837e-05 -0.0684986 -0.997651 -0.107044 -0.991919 0.0681046
10 0.754204 0.847126 -0.908815 0.9943 -0.1068 0.0073 0.411847 0.991793 -3.29837e-05 -0.0684986 -0.997651 -0.107044 -0.991919 0.0681046
11 0.733017 0.650828 -0.895338 0.9943 -0.1068 0.0073 0.411847 0.979576 -3.30602e-05 -0.0684993 -0.997651 -0.107044 -0.991919 0.0681012
12 -0.806067 0.646389 -0.959986 0 -0.9977 0.0685 0.984861 0.771221 0 0.0684967 0.997651 1 0 0
13 0.733017 0.646389 -0.959986 0 -0.9977 0.0685 0.984861 0.65741 0 0.0684967 0.997651 1 0 0
14 0.733017 0.650828 -0.895338 0 -0.9977 0.0685 0.989654 0.65741 0 0.0684967 0.997651 1 0 0
15 -0.806067 0.646389 -0.959986 0 -0.9977 0.0685 0.984861 0.771221 0 0.0684967 0.997651 1 0 0
16 0.733017 0.650828 -0.895338 0 -0.9977 0.0685 0.989654 0.65741 0 0.0684967 0.997651 1 0 0
17 -0.806067 0.650828 -0.895338 0 -0.9977 0.0685 0.989654 0.771221 0 0.0684967 0.997651 1 0 0
18 0.7126 0.923911 -0.969582 0.8075 -0.5885 0.0404 0.740623 0.39297 0.589699 0.807042 -0.0306285 0.0419265 -0.0110558 -0.999059
19 0.771598 1.00384 -0.984528 0.8075 -0.5885 0.0404 0.744954 0.39209 0.589699 0.807043 -0.0306124 0.0418793 -0.0111207 -0.999061
20 0.768895 1.00456 -0.920058 0.8075 -0.5885 0.0404 0.744954 0.396854 0.589699 0.807042 -0.0306285 0.0419265 -0.0110558 -0.999059
21 0.7126 0.923911 -0.969582 0.8075 -0.5885 0.0404 0.740623 0.39297 0.589699 0.807042 -0.0306285 0.0419265 -0.0110558 -0.999059
22 0.768895 1.00456 -0.920058 0.8075 -0.5885 0.0404 0.744954 0.396854 0.589699 0.807042 -0.0306285 0.0419265 -0.0110558 -0.999059
23 0.7126 0.927057 -0.923761 0.8075 -0.5885 0.0404 0.740766 0.396363 0.589699 0.807041 -0.0306608 0.0420211 -0.0109259 -0.999057
24 -0.806067 0.650828 -0.895338 -1 0 0 0.990843 0.233435 0 -0.0685623 -0.997647 0 0.997651 -0.0684974
25 -0.806067 0.927703 -0.914348 -1 0 0 0.990843 0.212913 0 -0.0686112 -0.997643 0 0.997651 -0.0685005
26 -0.806067 0.917794 -0.97862 -1 0 0 0.995636 0.213318 0 -0.0685704 -0.997646 0 0.997651 -0.0684985
27 -0.806067 0.650828 -0.895338 -1 0 0 0.990843 0.233435 0 -0.0685623 -0.997647 0 0.997651 -0.0684974
28 -0.806067 0.917794 -0.97862 -1 0 0 0.995636 0.213318 0 -0.0685704 -0.997646 0 0.997651 -0.0684985
29 -0.806067 0.646389 -0.959986 -1 0 0 0.995636 0.233435 0 -0.0685028 -0.997651 0 0.997651 -0.0684964
30 0.754204 0.847126 -0.908815 0.889 0.4568 -0.0314 0.411847 0.991793 -3.12519e-05 -0.0685167 -0.99765 0.457884 -0.886924 0.0608928
31 0.754204 0.842687 -0.973464 0.889 0.4568 -0.0314 0.41664 0.991793 -3.07936e-05 -0.0685176 -0.99765 0.457884 -0.886924 0.0608994
32 0.7126 0.923911 -0.969582 0.889 0.4568 -0.0314 0.415942 0.998511 -3.12519e-05 -0.0685167 -0.99765 0.457884 -0.886924 0.0608928
33 0.754204 0.847126 -0.908815 0.889 0.4568 -0.0314 0.411847 0.991793 -3.12519e-05 -0.0685167 -0.99765 0.457884 -0.886924 0.0608928
34 0.7126 0.923911 -0.969582 0.889 0.4568 -0.0314 0.415942 0.998511 -3.12519e-05 -0.0685167 -0.99765 0.457884 -0.886924 0.0608928
35 0.7126 0.927057 -0.923761 0.889 0.4568 -0.0314 0.412545 0.998511 -3.21685e-05 -0.0685149 -0.99765 0.457884 -0.886925 0.0608797
36 0.754204 0.847126 -0.908815 0 0.0685 0.9977 0.822711 0.231234 -1.18008e-05 0.997651 -0.0684967 1 7.05668e-07 -4.84596e-08
37 -0.806067 0.650828 -0.895338 0 0.0685 0.9977 0.808161 0.346612 -2.88055e-05 0.997651 -0.0684967 1 9.40891e-07 -6.46128e-08
38 0.733017 0.650828 -0.895338 0 0.0685 0.9977 0.808161 0.232801 -1.99731e-05 0.997651 -0.0684967 1 0 0
39 -0.806067 0.650828 -0.895338 0 0.0685 0.9977 0.808161 0.346612 -2.88055e-05 0.997651 -0.0684967 1 9.40891e-07 -6.46128e-08
40 0.754204 0.847126 -0.908815 0 0.0685 0.9977 0.822711 0.231234 -1.18008e-05 0.997651 -0.0684967 1 7.05668e-07 -4.84596e-08
41 -0.806067 0.927703 -0.914348 0 0.0685 0.9977 0.828684 0.346611 -1.79091e-05 0.997651 -0.0684967 1 1.88178e-06 -1.29226e-07
42 -0.806067 0.927703 -0.914348 0 0.0685 0.9977 0.828684 0.346611 -1.79091e-05 0.997651 -0.0684967 1 1.88178e-06 -1.29226e-07
43 0.754204 0.847126 -0.908815 0 0.0685 0.9977 0.822711 0.231234 -1.18008e-05 0.997651 -0.0684967 1 7.05668e-07 -4.84596e-08
44 0.530086 0.927703 -0.914348 0 0.0685 0.9977 0.828684 0.247807 3.92132e-05 0.997651 -0.0684967 1 0 0
45 -0.806067 1.1892 -0.997255 -0 -0.0685 -0.9977 0.810307 0.119395 2.32389e-05 -0.997651 0.0684967 1 4.26194e-06 -2.92626e-07
46 0.530097 0.922453 -0.97894 -0 -0.0685 -0.9977 0.830084 0.020605 -1.06773e-05 -0.997651 0.0684967 1 5.04311e-06 -3.46253e-07
47 -0.806067 0.917794 -0.97862 -0 -0.0685 -0.9977 0.830429 0.119395 -2.22858e-06 -0.997651 0.0684967 1 3.88744e-06 -2.66886e-07
48 0.530097 0.922453 -0.97894 -0 -0.0685 -0.9977 0.830084 0.020605 -1.06773e-05 -0.997651 0.0684967 1 5.04311e-06 -3.46253e-07
49 -0.806067 1.1892 -0.997255 -0 -0.0685 -0.9977 0.810307 0.119395 2.32389e-05 -0.997651 0.0684967 1 4.26194e-06 -2.92626e-07
50 0.771598 1.00384 -0.984528 -0 -0.0685 -0.9977 0.82405 0.00274903 4.83533e-05 -0.997651 0.0684967 1 5.22266e-06 -3.58611e-07
51 0.771598 1.00384 -0.984528 -0 -0.0685 -0.9977 0.82405 0.00274903 4.83533e-05 -0.997651 0.0684967 1 5.22266e-06 -3.58611e-07
52 -0.806067 1.1892 -0.997255 -0 -0.0685 -0.9977 0.810307 0.119395 2.32389e-05 -0.997651 0.0684967 1 4.26194e-06 -2.92626e-07
53 0.792784 1.20014 -0.998006 -0 -0.0685 -0.9977 0.809496 0.00118202 4.08513e-05 -0.997651 0.0684967 1 1.22083e-06 -8.38351e-08
54 -0.806067 0.917794 -0.97862 -0 -0.0685 -0.9977 0.830429 0.119395 -2.22858e-06 -0.997651 0.0684967 1 3.88744e-06 -2.66886e-07
55 0.733017 0.646389 -0.959986 -0 -0.0685 -0.9977 0.850551 0.005602 4.36948e-05 -0.997651 0.0684967 1 2.16277e-06 -1.48472e-07
56 -0.806067 0.646389 -0.959986 -0 -0.0685 -0.9977 0.850551 0.119396 4.74137e-05 -0.997651 0.0684967 1 0 0
57 0.733017 0.646389 -0.959986 -0 -0.0685 -0.9977 0.850551 0.005602 4.36948e-05 -0.997651 0.0684967 1 2.16277e-06 -1.48472e-07
58 -0.806067 0.917794 -0.97862 -0 -0.0685 -0.9977 0.830429 0.119395 -2.22858e-06 -0.997651 0.0684967 1 3.88744e-06 -2.66886e-07
59 0.754204 0.842687 -0.973464 -0 -0.0685 -0.9977 0.835998 0.004035 -7.43321e-06 -0.997651 0.0684967 1 5.77405e-06 -3.96391e-07
60 0.754204 0.842687 -0.973464 -0 -0.0685 -0.9977 0.835998 0.004035 -7.43321e-06 -0.997651 0.0684967 1 5.77405e-06 -3.96391e-07
61 -0.806067 0.917794 -0.97862 -0 -0.0685 -0.9977 0.830429 0.119395 -2.22858e-06 -0.997651 0.0684967 1 3.88744e-06 -2.66886e-07
62 0.530097 0.922453 -0.97894 -0 -0.0685 -0.9977 0.830084 0.020605 -1.06773e-05 -0.997651 0.0684967 1 5.04311e-06 -3.46253e-07
63 0.792784 1.20014 -0.998006 -0.0034 0.983 -0.1835 0.986003 0.054803 0.249286 0.178544 0.951829 -0.999975 -0.00448259 -0.00548465
64 -0.806067 1.1892 -0.997255 -0.0034 0.983 -0.1835 0.986666 0.00138801 0.367953 0.171862 0.913824 -0.999973 -0.00453333 -0.00575609
65 -0.806067 1.20458 -0.944539 -0.0034 0.983 -0.1835 0.990644 0.000666022 0.249286 0.178544 0.951829 -0.999975 -0.00448259 -0.00548465
66 0.792784 1.20014 -0.998006 -0.0034 0.983 -0.1835 0.986003 0.054803 0.249286 0.178544 0.951829 -0.999975 -0.00448259 -0.00548465
67 -0.806067 1.20458 -0.944539 -0.0034 0.983 -0.1835 0.990644 0.000666022 0.249286 0.178544 0.951829 -0.999975 -0.00448259 -0.00548465
68 0.792784 1.20458 -0.944539 -0.0034 0.983 -0.1834 0.989971 0.054802 0.000213939 0.183401 0.983038 -0.999978 -0.00438055 -0.00494227
69 0.530097 0.922453 -0.97894 0.0517 -0.074 -0.9959 0.830084 0.020605 0.0016002 -0.997243 0.0741846 0.998663 0.00362692 0.0515739
70 0.771598 1.00384 -0.984528 0.0516 -0.074 -0.9959 0.82405 0.00274903 0.00498339 -0.997219 0.0743629 0.998668 0.00361774 0.0514746
71 0.7126 0.923911 -0.969582 0.0517 -0.0739 -0.9959 0.830025 0.00709897 0.00160541 -0.997251 0.074086 0.998663 0.00362696 0.0515743
72 0.530097 0.922453 -0.97894 0.0517 -0.074 -0.9959 0.830084 0.020605 0.0016002 -0.997243 0.0741846 0.998663 0.00362692 0.0515739
73 0.7126 0.923911 -0.969582 0.0517 -0.0739 -0.9959 0.830025 0.00709897 0.00160541 -0.997251 0.074086 0.998663 0.00362696 0.0515743
74 0.754204 0.842687 -0.973464 0.0516 -0.074 -0.9959 0.835998 0.004035 -0.00518123 -0.997258 0.0738258 0.998668 0.00362311 0.0514742
75 0.771598 1.00828 -0.91988 -0.001 0.1094 0.994 0.834657 0.229948 3.56751e-05 0.993998 -0.1094 1 9.85243e-05 0.000995195
76 -0.806067 0.927703 -0.914348 -0.001 0.1094 0.994 0.828684 0.346611 3.80288e-05 0.993998 -0.1094 1 9.48991e-05 0.000995593
77 0.530086 0.927703 -0.914348 -0.001 0.1094 0.994 0.828684 0.247807 3.33873e-05 0.993998 -0.1094 1 0.0001094 0.000994001
78 -0.806067 0.927703 -0.914348 -0.001 0.1094 0.994 0.828684 0.346611 3.80288e-05 0.993998 -0.1094 1 9.48991e-05 0.000995593
79 0.771598 1.00828 -0.91988 -0.001 0.1094 0.994 0.834657 0.229948 3.56751e-05 0.993998 -0.1094 1 9.85243e-05 0.000995195
80 -0.806067 1.20458 -0.944539 -0.0012 0.1094 0.994 0.849281 0.346612 4.01902e-05 0.993998 -0.1094 0.999999 0.000102278 0.00119598
81 -0.806067 1.20458 -0.944539 -0.0012 0.1094 0.994 0.849281 0.346612 4.01902e-05 0.993998 -0.1094 0.999999 0.000102278 0.00119598
82 0.771598 1.00828 -0.91988 -0.001 0.1094 0.994 0.834657 0.229948 3.56751e-05 0.993998 -0.1094 1 9.85243e-05 0.000995195
83 0.792784 1.20458 -0.944539 -0.001 0.1094 0.994 0.849281 0.228382 2.8614e-05 0.993998 -0.1094 1 0.0001094 0.000994001
84 0.768895 1.00456 -0.920058 0.9936 -0.1127 0.0084 0.99061 0.06723 0.105763 0.953608 0.281863 0.113009 0.990569 -0.077467
85 0.792784 1.20458 -0.944539 0.9936 -0.1127 0.0084 0.989971 0.054802 0.105763 0.953608 0.281863 0.113009 0.990569 -0.077467
86 0.771598 1.00828 -0.91988 0.9936 -0.1128 0.0083 0.990644 0.067079 0.105853 0.953571 0.281954 0.113097 0.990561 -0.0774494
87 0.792784 1.20458 -0.944539 0.9936 -0.1127 0.0084 0.989971 0.054802 -0.000768889 0.0675823 0.997713 0.113011 0.9905 -0.0783531
88 0.768895 1.00456 -0.920058 0.9936 -0.1127 0.0084 0.99061 0.06723 -0.00160865 0.0602125 0.998184 0.113011 0.990502 -0.0783231
89 0.771598 1.00384 -0.984528 0.9936 -0.1127 0.0084 0.985851 0.067019 -0.000768889 0.0675823 0.997713 0.113011 0.9905 -0.0783531
90 0.792784 1.20458 -0.944539 0.9936 -0.1127 0.0084 0.989971 0.054802 -0.000768889 0.0675823 0.997713 0.113011 0.9905 -0.0783531
91 0.771598 1.00384 -0.984528 0.9936 -0.1127 0.0084 0.985851 0.067019 -0.000768889 0.0675823 0.997713 0.113011 0.9905 -0.0783531
92 0.792784 1.20014 -0.998006 0.9936 -0.1127 0.0084 0.986003 0.054803 0.000910765 0.0823107 0.996606 0.113011 0.990495 -0.0784133
