0 0.455023 -1.42905 0.676772 -0.5883 0.4041 -0.7005 0.408108 0.579505 0.340353 -0.662072 -0.667698 0.5373 0.842666 0.0349713
1 0.447617 -1.51257 0.712184 -0.7941 -0.3662 -0.485 0.408108 0.586102 0.580739 -0.222232 -0.78317 -0.13494 0.884395 -0.446807
2 0.447388 -1.50836 0.722074 -0.8185 0.0826 0.5685 0.407313 0.586102 -0.559334 -0.339977 -0.756017 -0.114461 0.946318 -0.302293
3 0.455023 -1.42905 0.676772 -0.5883 0.4041 -0.7005 0.408108 0.579505 0.340353 -0.662072 -0.667698 0.5373 0.842666 0.0349713
4 0.447388 -1.50836 0.722074 -0.8185 0.0826 0.5685 0.407313 0.586102 -0.559334 -0.339977 -0.756017 -0.114461 0.946318 -0.302293
5 0.454794 -1.42483 0.686663 -0.6084 0.7751 0.1704 0.407313 0.579505 -0.302823 -0.0282904 -0.952627 0.552226 0.567712 -0.610532
6 0.463268 -1.42433 0.68963 0.0362 0.8909 0.4527 0.214732 0.840996 -0.995447 -0.00781741 0.0949922 0.0758769 0.449287 -0.890159
7 0.455863 -1.50785 0.725041 -0.0358 0.2172 0.9755 0.214732 0.847616 -0.99915 0.0122128 -0.0393846 0.025054 0.975986 -0.216387
8 0.464454 -1.5095 0.722955 0.7597 -0.0229 0.6499 0.214191 0.847686 -0.646388 0.082447 0.758541 0.14499 0.980189 -0.134938
9 0.463268 -1.42433 0.68963 0.0362 0.8909 0.4527 0.214732 0.840996 -0.995447 -0.00781741 0.0949922 0.0758769 0.449287 -0.890159
10 0.464454 -1.5095 0.722955 0.7597 -0.0229 0.6499 0.214191 0.847686 -0.646388 0.082447 0.758541 0.14499 0.980189 -0.134938
11 0.471859 -1.42597 0.687543 0.6851 0.6887 0.2372 0.214191 0.841066 -0.701024 0.534828 0.471725 -0.406495 0.631766 -0.660026
12 0.471859 -1.42597 0.687543 0.6851 0.6887 0.2372 0.407954 0.695653 0.392401 -0.0746541 -0.91676 0.406497 -0.631767 0.660023
13 0.464454 -1.5095 0.722955 0.7597 -0.0228 0.6499 0.407954 0.689056 0.55667 -0.493847 -0.668008 -0.29369 -0.903688 0.3116
14 0.464683 -1.51371 0.713064 0.784 -0.4716 -0.4036 0.40875 0.689056 -0.559099 -0.25408 -0.789209 -0.257768 -0.838842 0.479479
15 0.471859 -1.42597 0.687543 0.6851 0.6887 0.2372 0.407954 0.695653 0.392401 -0.0746541 -0.91676 0.406497 -0.631767 0.660023
16 0.464683 -1.51371 0.713064 0.784 -0.4716 -0.4036 0.40875 0.689056 -0.559099 -0.25408 -0.789209 -0.257768 -0.838842 0.479479
17 0.472088 -1.43018 0.677653 0.7053 0.3177 -0.6337 0.40875 0.695653 -0.549789 -0.319173 -0.77192 0.421466 -0.906727 0.014557
18 0.463614 -1.43069 0.674686 0.0688 0.2916 -0.954 0.214732 0.840851 -0.966012 0.258328 0.00932457 -0.0484245 -0.95425 -0.295063
19 0.456208 -1.51422 0.710098 0.006 -0.5532 -0.833 0.214732 0.834231 -0.999561 0.0208416 -0.0210431 -0.0293925 -0.832772 0.552836
20 0.447617 -1.51257 0.712184 -0.7942 -0.3662 -0.485 0.215398 0.834231 -0.607635 0.484728 0.629141 0.0374728 -0.826044 0.562359
21 0.463614 -1.43069 0.674686 0.0688 0.2916 -0.954 0.214732 0.840851 -0.966015 0.258317 0.0093209 -0.0484246 -0.95425 -0.295063
22 0.447617 -1.51257 0.712184 -0.7942 -0.3662 -0.485 0.215398 0.834231 -0.607635 0.484728 0.629141 0.0374728 -0.826044 0.562359
23 0.455023 -1.42905 0.676772 -0.5882 0.4041 -0.7005 0.215398 0.840851 -0.768459 -0.00938964 0.63983 -0.537255 -0.842694 -0.0349772
24 0.463268 -1.42433 0.68963 0.0362 0.8909 0.4527 0.45512 0.226545 0.0760092 0.449189 -0.890198 0.996434 -0.0667288 0.0516408
25 0.471859 -1.42597 0.687543 0.6852 0.6887 0.2371 0.455324 0.225912 0.392364 -0.0747346 -0.916769 0.725142 -0.675548 -0.133435
26 0.472088 -1.43018 0.677653 0.7053 0.3177 -0.6337 0.456119 0.225912 -0.354892 -0.61558 -0.703643 0.708142 -0.357604 0.608814
27 0.463268 -1.42433 0.68963 0.0362 0.8909 0.4527 0.45512 0.226545 0.0760092 0.449189 -0.890198 0.996434 -0.0667288 0.0516408
28 0.472088 -1.43018 0.677653 0.7053 0.3177 -0.6337 0.456119 0.225912 -0.354892 -0.61558 -0.703643 0.708142 -0.357604 0.608814
29 0.463614 -1.43069 0.674686 0.0687 0.2916 -0.9541 0.456322 0.226545 -0.048493 -0.954246 -0.295065 0.996455 -0.0666134 0.0513908
30 0.464683 -1.51371 0.713064 0.784 -0.4716 -0.4036 0.40875 0.689056 -0.559099 -0.25408 -0.789209 -0.257768 -0.838842 0.479479
31 0.464454 -1.5095 0.722955 0.7597 -0.0228 0.6499 0.407954 0.689056 0.55667 -0.493847 -0.668008 -0.29369 -0.903688 0.3116
32 0.460545 -1.51731 0.723922 0.444 -0.5822 0.6811 0.408109 0.688437 0.210553 -0.671058 -0.710879 -0.79293 -0.609301 -0.00391749
33 0.464683 -1.51371 0.713064 0.784 -0.4716 -0.4036 0.40875 0.689056 -0.559099 -0.25408 -0.789209 -0.257768 -0.838842 0.479479
34 0.460545 -1.51731 0.723922 0.444 -0.5822 0.6811 0.408109 0.688437 0.210553 -0.671058 -0.710879 -0.79293 -0.609301 -0.00391749
35 0.460685 -1.51989 0.717872 0.4605 -0.887 -0.0343 0.408595 0.688437 -0.171266 -0.0508651 -0.983911 -0.802978 -0.432724 0.40985
36 0.464454 -1.5095 0.722955 0.7597 -0.0229 0.6499 0.214191 0.847686 -0.646388 0.082447 0.758541 0.14499 0.980189 -0.134938
37 0.455863 -1.50785 0.725041 -0.0358 0.2172 0.9755 0.214732 0.847616 -0.99915 0.0122128 -0.0393846 0.025054 0.975986 -0.216387
38 0.45529 -1.5163 0.725199 -0.0767 -0.4691 0.8798 0.214804 0.848228 -0.993304 0.112412 -0.0266559 -0.10756 0.881153 0.460436
39 0.464454 -1.5095 0.722955 0.7597 -0.0229 0.6499 0.214191 0.847686 -0.646388 0.082447 0.758541 0.14499 0.980189 -0.134938
40 0.45529 -1.5163 0.725199 -0.0767 -0.4691 0.8798 0.214804 0.848228 -0.993304 0.112412 -0.0266559 -0.10756 0.881153 0.460436
41 0.460545 -1.51731 0.723922 0.444 -0.5822 0.6811 0.214473 0.848271 -0.873712 -0.112719 0.473204 0.251646 0.810572 0.528817
42 0.454794 -1.42483 0.686663 -0.6084 0.7751 0.1704 0.455324 0.227178 -0.302805 -0.0282748 -0.952633 0.790838 0.574071 0.212175
43 0.463268 -1.42433 0.68963 0.0362 0.8909 0.4527 0.45512 0.226545 0.0760092 0.449189 -0.890198 0.996434 -0.0667288 0.0516408
44 0.463614 -1.43069 0.674686 0.0687 0.2916 -0.9541 0.456322 0.226545 -0.048493 -0.954246 -0.295065 0.996455 -0.0666134 0.0513908
45 0.454794 -1.42483 0.686663 -0.6084 0.7751 0.1704 0.455324 0.227178 -0.302805 -0.0282748 -0.952633 0.790838 0.574071 0.212175
46 0.463614 -1.43069 0.674686 0.0687 0.2916 -0.9541 0.456322 0.226545 -0.048493 -0.954246 -0.295065 0.996455 -0.0666134 0.0513908
47 0.455023 -1.42905 0.676772 -0.5883 0.4041 -0.7004 0.456119 0.227178 0.340289 -0.661998 -0.667804 0.807942 0.257324 -0.530109
48 0.472088 -1.43018 0.677653 0.7053 0.3177 -0.6337 0.214191 0.840781 -0.549789 -0.319173 -0.77192 0.421466 -0.906727 0.014557
49 0.464683 -1.51371 0.713064 0.784 -0.4716 -0.4035 0.214191 0.834161 -0.559099 -0.25408 -0.789209 -0.257768 -0.838842 0.479479
50 0.456208 -1.51422 0.710098 0.006 -0.5532 -0.833 0.214732 0.834231 -0.999561 0.0208416 -0.0210431 -0.0293925 -0.832772 0.552836
51 0.472088 -1.43018 0.677653 0.7053 0.3177 -0.6337 0.214191 0.840781 -0.549789 -0.319173 -0.77192 0.421466 -0.906727 0.014557
52 0.456208 -1.51422 0.710098 0.006 -0.5532 -0.833 0.214732 0.834231 -0.999561 0.0208416 -0.0210431 -0.0293925 -0.832772 0.552836
53 0.463614 -1.43069 0.674686 0.0688 0.2916 -0.954 0.214732 0.840851 -0.969935 -0.204207 -0.132388 -0.0484245 -0.95425 -0.295063
54 0.454794 -1.42483 0.686663 -0.6084 0.7751 0.1704 0.215398 0.840996 -0.74281 -0.480549 -0.466162 0.552224 0.567711 -0.610534
55 0.447388 -1.50836 0.722074 -0.8186 0.0826 0.5685 0.215398 0.847616 -0.559334 -0.339977 -0.756017 -0.114461 0.946318 -0.302293
56 0.455863 -1.50785 0.725041 -0.0358 0.2172 0.9755 0.214732 0.847616 -0.99915 0.0122128 -0.0393846 0.025054 0.975986 -0.216387
57 0.454794 -1.42483 0.686663 -0.6084 0.7751 0.1704 0.215398 0.840996 -0.74281 -0.480549 -0.466162 0.552224 0.567711 -0.610534
58 0.455863 -1.50785 0.725041 -0.0358 0.2172 0.9755 0.214732 0.847616 -0.99915 0.0122128 -0.0393846 0.025054 0.975986 -0.216387
59 0.463268 -1.42433 0.68963 0.0362 0.8909 0.4527 0.214732 0.840996 -0.995447 -0.00781741 0.0949922 0.0758769 0.449287 -0.890159
60 0.45529 -1.5163 0.725199 -0.0767 -0.4691 0.8798 0.431464 0.226804 0.0343876 0.880631 0.472554 0.996465 -0.0663979 0.0514681
61 0.450106 -1.51661 0.723384 -0.5847 -0.5135 0.628 0.43134 0.227192 0.223712 0.642039 0.733307 0.81108 -0.386245 0.439277
62 0.450246 -1.51919 0.717334 -0.5682 -0.8183 -0.0874 0.430853 0.227192 -0.262978 0.0798549 0.961492 0.820942 -0.570957 0.00791509
63 0.45529 -1.5163 0.725199 -0.0767 -0.4691 0.8798 0.431464 0.226804 0.0343876 0.880631 0.472554 0.996465 -0.0663979 0.0514681
64 0.450246 -1.51919 0.717334 -0.5682 -0.8183 -0.0874 0.430853 0.227192 -0.262978 0.0798549 0.961492 0.820942 -0.570957 0.00791509
65 0.455502 -1.5202 0.716058 -0.0501 -0.9605 -0.2738 0.430729 0.226804 -0.0677081 -0.270271 0.960401 0.996471 -0.0665555 0.0511444
66 0.460545 -1.51731 0.723922 0.444 -0.5822 0.6811 0.43134 0.226417 -0.21056 0.671054 0.71088 0.895843 0.272982 -0.350636
67 0.45529 -1.5163 0.725199 -0.0767 -0.4691 0.8798 0.431464 0.226804 0.0343876 0.880631 0.472554 0.996465 -0.0663979 0.0514681
68 0.455502 -1.5202 0.716058 -0.0501 -0.9605 -0.2738 0.430729 0.226804 -0.0677081 -0.270271 0.960401 0.996471 -0.0665555 0.0511444
69 0.460545 -1.51731 0.723922 0.444 -0.5822 0.6811 0.43134 0.226417 -0.21056 0.671054 0.71088 0.895843 0.272982 -0.350636
70 0.455502 -1.5202 0.716058 -0.0501 -0.9605 -0.2738 0.430729 0.226804 -0.0677081 -0.270271 0.960401 0.996471 -0.0665555 0.0511444
71 0.460685 -1.51989 0.717872 0.4606 -0.887 -0.0343 0.430853 0.226417 0.171308 0.0508626 0.983904 0.885779 0.456877 0.0815973
72 0.456208 -1.51422 0.710098 0.006 -0.5532 -0.833 0.214732 0.834231 -0.999561 0.0208416 -0.0210431 -0.0293925 -0.832772 0.552836
73 0.464683 -1.51371 0.713064 0.784 -0.4716 -0.4035 0.214191 0.834161 -0.559099 -0.25408 -0.789209 -0.257768 -0.838842 0.479479
74 0.460685 -1.51989 0.717872 0.4605 -0.887 -0.0342 0.214473 0.833576 -0.856288 -0.433742 -0.280427 -0.28551 -0.184489 0.940451
75 0.456208 -1.51422 0.710098 0.006 -0.5532 -0.833 0.214732 0.834231 -0.999561 0.0208416 -0.0210431 -0.0293925 -0.832772 0.552836
76 0.460685 -1.51989 0.717872 0.4605 -0.887 -0.0342 0.214473 0.833576 -0.856288 -0.433742 -0.280427 -0.28551 -0.184489 0.940451
77 0.455502 -1.5202 0.716058 -0.05 -0.9605 -0.2737 0.214804 0.833619 -0.998548 0.0535725 -0.00558919 0.0699279 -0.276756 0.958393
78 0.455863 -1.50785 0.725041 -0.0358 0.2172 0.9755 0.214732 0.847616 -0.99915 0.0122128 -0.0393846 0.025054 0.975986 -0.216387
79 0.447388 -1.50836 0.722074 -0.8186 0.0826 0.5685 0.215398 0.847616 -0.559334 -0.339977 -0.756017 -0.114461 0.946318 -0.302293
80 0.450106 -1.51661 0.723384 -0.5847 -0.5135 0.628 0.215211 0.848228 -0.780663 0.145584 -0.607759 -0.407445 0.855338 0.319978
81 0.455863 -1.50785 0.725041 -0.0358 0.2172 0.9755 0.214732 0.847616 -0.99915 0.0122128 -0.0393846 0.025054 0.975986 -0.216387
82 0.450106 -1.51661 0.723384 -0.5847 -0.5135 0.628 0.215211 0.848228 -0.780663 0.145584 -0.607759 -0.407445 0.855338 0.319978
83 0.45529 -1.5163 0.725199 -0.0767 -0.4691 0.8798 0.214804 0.848228 -0.993304 0.112412 -0.0266559 -0.10756 0.881153 0.460436
84 0.447388 -1.50836 0.722074 -0.8185 0.0826 0.5685 0.407313 0.586102 -0.559334 -0.339977 -0.756017 -0.114461 0.946318 -0.302293
85 0.447617 -1.51257 0.712184 -0.7941 -0.3662 -0.485 0.408108 0.586102 0.580739 -0.222232 -0.78317 -0.13494 0.884395 -0.446807
86 0.450246 -1.51919 0.717334 -0.5682 -0.8183 -0.0873 0.407954 0.586721 0.262935 -0.0799511 -0.961495 -0.691649 0.532275 -0.488165
87 0.447388 -1.50836 0.722074 -0.8185 0.0826 0.5685 0.407313 0.586102 -0.559334 -0.339977 -0.756017 -0.114461 0.946318 -0.302293
88 0.450246 -1.51919 0.717334 -0.5682 -0.8183 -0.0873 0.407954 0.586721 0.262935 -0.0799511 -0.961495 -0.691649 0.532275 -0.488165
89 0.450106 -1.51661 0.723384 -0.5847 -0.5135 0.628 0.407467 0.586721 -0.223712 -0.642039 -0.733307 -0.700908 0.709564 -0.0724431
90 0.447617 -1.51257 0.712184 -0.7942 -0.3662 -0.485 0.215398 0.834231 -0.607635 0.484728 0.629141 0.0374728 -0.826044 0.562359
91 0.456208 -1.51422 0.710098 0.006 -0.5532 -0.833 0.214732 0.834231 -0.999561 0.0208416 -0.0210431 -0.0293925 -0.832772 0.552836
92 0.455502 -1.5202 0.716058 -0.05 -0.9605 -0.2737 0.214804 0.833619 -0.998548 0.0535725 -0.00558919 0.0699279 -0.276756 0.958393
93 0.447617 -1.51257 0.712184 -0.7942 -0.3662 -0.485 0.215398 0.834231 -0.607635 0.484728 0.629141 0.0374728 -0.826044 0.562359
94 0.455502 -1.5202 0.716058 -0.05 -0.9605 -0.2737 0.214804 0.833619 -0.998548 0.0535725 -0.00558919 0.0699279 -0.276756 0.958393
95 0.450246 -1.51919 0.717334 -0.5682 -0.8183 -0.0873 0.215211 0.833619 -0.80129 0.526025 0.285013 0.379872 -0.354842 0.854274
