0 0.818843 -1.21361 -0.951062 0.9965 0.084 -0.0008 0.985538 0.157543 0.000688472 -0.0176897 -0.999843 0.0839981 -0.99631 0.0176079
1 0.792784 -0.904557 -0.956524 0.9965 0.084 -0.0008 0.985538 0.180481 0.000688056 -0.0176848 -0.999843 0.0839982 -0.99631 0.0176079
2 0.792784 -0.903914 -0.891977 0.9965 0.084 -0.0008 0.980763 0.180444 0.000688472 -0.0176897 -0.999843 0.0839981 -0.99631 0.0176079
3 0.818843 -1.21361 -0.951062 0.9965 0.084 -0.0008 0.985538 0.157543 0.000688472 -0.0176897 -0.999843 0.0839981 -0.99631 0.0176079
4 0.792784 -0.903914 -0.891977 0.9965 0.084 -0.0008 0.980763 0.180444 0.000688472 -0.0176897 -0.999843 0.0839981 -0.99631 0.0176079
5 0.818843 -1.21297 -0.886515 0.9965 0.084 -0.0008 0.980763 0.157506 0.000689306 -0.0176996 -0.999843 0.0839982 -0.99631 0.0176079
6 -0.817403 -1.21297 -0.886515 -0.9995 0.0321 -0.0005 0.984305 0.745281 -1.14308e-05 0.0152177 0.999884 -0.0321034 -0.999369 0.0152158
7 -0.806067 -0.854108 -0.891976 -0.9995 0.0321 -0.0006 0.984305 0.771834 -0.000109392 0.0152806 0.999883 -0.0321049 -0.999369 0.0152078
8 -0.806067 -0.860857 -0.956416 -0.9995 0.0321 -0.0006 0.979532 0.771408 -0.000111369 0.0152209 0.999884 -0.0321049 -0.999369 0.0152157
9 -0.817403 -1.21297 -0.886515 -0.9995 0.0321 -0.0005 0.984305 0.745281 -1.14308e-05 0.0152177 0.999884 -0.0321034 -0.999369 0.0152158
10 -0.806067 -0.860857 -0.956416 -0.9995 0.0321 -0.0006 0.979532 0.771408 -0.000111369 0.0152209 0.999884 -0.0321049 -0.999369 0.0152157
11 -0.817403 -1.2086 -0.951062 -0.9995 0.0321 -0.0006 0.979536 0.745676 -0.000115323 0.0151014 0.999886 -0.0321049 -0.999368 0.0152316
12 -0.817403 -1.2086 -0.951062 -0.0003 -0.0165 -0.9999 0.524165 0.8725 -0.00304922 -0.999859 0.0165003 0.999995 -0.0030676 -0.000249405
13 -0.806067 -0.860857 -0.956416 -0.0003 -0.0166 -0.9999 0.498439 0.87174 -0.00304189 -0.999858 0.0166003 0.999995 -0.00307103 -0.00024903
14 0.792784 -0.904557 -0.956524 -0.0003 -0.0165 -0.9999 0.501308 0.753501 -0.00304922 -0.999859 0.0165003 0.999995 -0.0030676 -0.000249405
15 -0.817403 -1.2086 -0.951062 -0.0003 -0.0165 -0.9999 0.524165 0.8725 -0.00304922 -0.999859 0.0165003 0.999995 -0.0030676 -0.000249405
16 0.792784 -0.904557 -0.956524 -0.0003 -0.0165 -0.9999 0.501308 0.753501 -0.00304922 -0.999859 0.0165003 0.999995 -0.0030676 -0.000249405
17 0.818843 -1.21361 -0.951062 -0.0003 -0.0164 -0.9999 0.524166 0.751504 -0.00306386 -0.999861 0.0164002 0.999995 -0.00306066 -0.000249846
18 0.818843 -1.21297 -0.886515 0.0003 0.0165 0.9999 0.099195 0.871823 -4.56864e-06 -0.999864 0.0164994 -1 1.66469e-06 0.000299998
19 0.792784 -0.903914 -0.891977 0.0003 0.0164 0.9999 0.076332 0.869896 -1.92839e-06 -0.999866 0.0163993 -1 4.72984e-08 0.000300012
20 -0.806067 -0.854108 -0.891976 0.0002 0.0163 0.9999 0.072648 0.751666 -4.57025e-06 -0.999867 0.0162994 -1 4.83743e-08 0.000200008
21 0.818843 -1.21297 -0.886515 0.0003 0.0165 0.9999 0.099195 0.871823 -4.56864e-06 -0.999864 0.0164994 -1 1.66469e-06 0.000299998
22 -0.806067 -0.854108 -0.891976 0.0002 0.0163 0.9999 0.072648 0.751666 -4.57025e-06 -0.999867 0.0162994 -1 4.83743e-08 0.000200008
23 -0.817403 -1.21297 -0.886515 0.0002 0.0162 0.9999 0.099195 0.750828 -1.00975e-05 -0.999869 0.0161996 -1 3.24e-06 0.00019998
24 -0.817403 -1.2086 -0.951062 -0.0015 -0.9996 -0.0289 0.686565 0.734944 9.01893e-05 0.0288998 -0.999582 -0.999999 0.00150095 -1.28878e-05
25 0.818843 -1.21361 -0.951062 -0.0015 -0.9996 -0.0289 0.686561 0.85594 5.83503e-05 0.0289009 -0.999582 -0.999999 0.00150089 -1.2209e-05
26 0.818843 -1.21297 -0.886515 -0.0015 -0.9996 -0.0289 0.68179 0.85594 9.01893e-05 0.0288998 -0.999582 -0.999999 0.00150095 -1.28878e-05
27 -0.817403 -1.2086 -0.951062 -0.0015 -0.9996 -0.0289 0.686565 0.734944 9.01893e-05 0.0288998 -0.999582 -0.999999 0.00150095 -1.28878e-05
28 0.818843 -1.21297 -0.886515 -0.0015 -0.9996 -0.0289 0.68179 0.85594 9.01893e-05 0.0288998 -0.999582 -0.999999 0.00150095 -1.28878e-05
29 -0.817403 -1.21297 -0.886515 -0.0015 -0.9996 -0.0289 0.681783 0.734945 0.000153867 0.0288978 -0.999582 -0.999999 0.00150107 -1.42455e-05
30 0.792784 -0.904557 -0.956524 0.0292 0.9979 -0.0572 0.529258 0.751477 -0.00156468 -0.0571819 -0.998363 0.999572 -0.0292466 4.01445e-05
31 -0.806067 -0.860857 -0.956416 0.0292 0.9979 -0.0572 0.529258 0.869751 -0.00155009 -0.0571845 -0.998362 0.999572 -0.0292463 4.27805e-05
32 -0.806067 -0.854108 -0.891976 0.0292 0.9979 -0.0572 0.524471 0.869765 -0.00156468 -0.0571819 -0.998363 0.999572 -0.0292466 4.01445e-05
33 0.792784 -0.904557 -0.956524 0.0292 0.9979 -0.0572 0.529258 0.751477 -0.00156468 -0.0571819 -0.998363 0.999572 -0.0292466 4.01445e-05
34 -0.806067 -0.854108 -0.891976 0.0292 0.9979 -0.0572 0.524471 0.869765 -0.00156468 -0.0571819 -0.998363 0.999572 -0.0292466 4.01445e-05
35 0.792784 -0.903914 -0.891977 0.0292 0.9979 -0.0572 0.524488 0.751478 -0.00159386 -0.0571765 -0.998363 0.999572 -0.0292471 3.48725e-05
