0 -1.58294 2.84014 0.040562 -0.3626 0.9146 0.179 0.818405 0.132962 0.858347 0.402555 -0.318103 0.362552 -0.0385062 0.931168
1 -1.5323 2.85524 0.065975 -0.3626 0.9146 0.179 0.821473 0.129895 0.858242 0.402566 -0.318372 0.362802 -0.0383889 0.931075
2 -1.51531 2.86528 0.049087 -0.3626 0.9146 0.179 0.823247 0.13063 0.858309 0.402559 -0.318201 0.362834 -0.038374 0.931063
3 -1.58294 2.84014 0.040562 -0.3626 0.9146 0.179 0.818405 0.132962 0.858347 0.402555 -0.318103 0.362552 -0.0385062 0.931168
4 -1.51531 2.86528 0.049087 -0.3626 0.9146 0.179 0.823247 0.13063 0.858309 0.402559 -0.318201 0.362834 -0.038374 0.931063
5 -1.58312 2.84506 0.015059 -0.3626 0.9146 0.179 0.819141 0.134736 0.858296 0.402561 -0.318233 0.363286 -0.0381618 0.930896
6 -1.49839 2.82116 0.114342 0.3626 -0.9146 -0.179 0.842787 0.594245 0.363044 -0.0382755 0.930986 0.858325 0.402558 -0.31816
7 -1.51968 2.82341 0.059746 0.3626 -0.9146 -0.179 0.838449 0.594245 0.363003 -0.0382946 0.931001 0.858299 0.40256 -0.318227
8 -1.50269 2.83345 0.042858 0.3626 -0.9146 -0.179 0.837714 0.592471 0.362996 -0.0382978 0.931003 0.858308 0.402559 -0.318203
9 -1.49839 2.82116 0.114342 0.3626 -0.9146 -0.179 0.842787 0.594245 0.363044 -0.0382755 0.930986 0.858325 0.402558 -0.31816
10 -1.50269 2.83345 0.042858 0.3626 -0.9146 -0.179 0.837714 0.592471 0.362996 -0.0382978 0.931003 0.858308 0.402559 -0.318203
11 -1.47419 2.83044 0.115962 0.3626 -0.9146 -0.179 0.843522 0.592471 0.363022 -0.0382857 0.930994 0.858368 0.402553 -0.318049
12 -1.63328 2.81653 0.059218 -0.3626 0.9146 0.179 0.814068 0.132962 0.858368 0.402553 -0.318049 0.362914 -0.0383364 0.931034
13 -1.58294 2.84014 0.040562 -0.3626 0.9146 0.179 0.818405 0.132962 0.858347 0.402555 -0.318103 0.362552 -0.0385062 0.931168
14 -1.58312 2.84506 0.015059 -0.3626 0.9146 0.179 0.819141 0.134736 0.858296 0.402561 -0.318233 0.363286 -0.0381618 0.930896
15 -1.63328 2.81653 0.059218 -0.3626 0.9146 0.179 0.814068 0.132962 0.858368 0.402553 -0.318049 0.362914 -0.0383364 0.931034
16 -1.58312 2.84506 0.015059 -0.3626 0.9146 0.179 0.819141 0.134736 0.858296 0.402561 -0.318233 0.363286 -0.0381618 0.930896
17 -1.65052 2.81345 0.040039 -0.3626 0.9146 0.179 0.813333 0.134736 0.858368 0.402553 -0.318049 0.363051 -0.0382722 0.930983
18 -1.51101 2.853 0.120571 -0.3626 0.9146 0.179 0.821473 0.125559 0.858147 0.402576 -0.318615 0.362951 -0.0383189 0.93102
19 -1.53155 2.83472 0.172367 -0.3626 0.9146 0.179 0.818405 0.122493 0.858322 0.402558 -0.318168 0.363143 -0.038229 0.930949
20 -1.51431 2.8378 0.191546 -0.3626 0.9146 0.179 0.819141 0.120718 0.858288 0.402562 -0.318255 0.362859 -0.0383623 0.931054
21 -1.51101 2.853 0.120571 -0.3626 0.9146 0.179 0.821473 0.125559 0.858147 0.402576 -0.318615 0.362951 -0.0383189 0.93102
22 -1.51431 2.8378 0.191546 -0.3626 0.9146 0.179 0.819141 0.120718 0.858288 0.402562 -0.318255 0.362859 -0.0383623 0.931054
23 -1.48681 2.86228 0.122191 -0.3626 0.9146 0.179 0.823247 0.124824 0.858345 0.402556 -0.318109 0.36311 -0.0382442 0.930961
24 -1.51893 2.80289 0.166138 0.3626 -0.9146 -0.179 0.845854 0.597311 0.363054 -0.0382705 0.930982 0.858352 0.402555 -0.31809
25 -1.49839 2.82116 0.114342 0.3626 -0.9146 -0.179 0.842787 0.594245 0.363044 -0.0382755 0.930986 0.858325 0.402558 -0.31816
26 -1.47419 2.83044 0.115962 0.3626 -0.9146 -0.179 0.843522 0.592471 0.363022 -0.0382857 0.930994 0.858368 0.402553 -0.318049
27 -1.51893 2.80289 0.166138 0.3626 -0.9146 -0.179 0.845854 0.597311 0.363054 -0.0382705 0.930982 0.858352 0.402555 -0.31809
28 -1.47419 2.83044 0.115962 0.3626 -0.9146 -0.179 0.843522 0.592471 0.363022 -0.0382857 0.930994 0.858368 0.402553 -0.318049
29 -1.50169 2.80597 0.185317 0.3626 -0.9146 -0.179 0.847629 0.596576 0.362964 -0.0383129 0.931015 0.858338 0.402556 -0.318126
30 -1.58189 2.81111 0.191023 -0.3626 0.9146 0.179 0.814068 0.122493 0.858308 0.402559 -0.318203 0.363342 -0.0381355 0.930875
31 -1.63253 2.79601 0.16561 -0.3626 0.9146 0.179 0.811001 0.125559 0.858381 0.402552 -0.318016 0.363167 -0.0382175 0.93094
32 -1.64952 2.78597 0.182498 -0.3626 0.9146 0.179 0.809226 0.124824 0.85836 0.402554 -0.318069 0.362999 -0.0382964 0.931002
33 -1.58189 2.81111 0.191023 -0.3626 0.9146 0.179 0.814068 0.122493 0.858308 0.402559 -0.318203 0.363342 -0.0381355 0.930875
34 -1.64952 2.78597 0.182498 -0.3626 0.9146 0.179 0.809226 0.124824 0.85836 0.402554 -0.318069 0.362999 -0.0382964 0.931002
35 -1.58171 2.80619 0.216526 -0.3626 0.9146 0.179 0.813333 0.120718 0.858369 0.402553 -0.318046 0.362866 -0.0383589 0.931051
36 -1.56927 2.77928 0.184794 0.3626 -0.9146 -0.179 0.845854 0.601648 0.36301 -0.0382915 0.930998 0.858342 0.402556 -0.318116
37 -1.51893 2.80289 0.166138 0.3626 -0.9146 -0.179 0.845854 0.597311 0.363054 -0.0382705 0.930982 0.858352 0.402555 -0.31809
38 -1.50169 2.80597 0.185317 0.3626 -0.9146 -0.179 0.847629 0.596576 0.362964 -0.0383129 0.931015 0.858338 0.402556 -0.318126
39 -1.56927 2.77928 0.184794 0.3626 -0.9146 -0.179 0.845854 0.601648 0.36301 -0.0382915 0.930998 0.858342 0.402556 -0.318116
40 -1.50169 2.80597 0.185317 0.3626 -0.9146 -0.179 0.847629 0.596576 0.362964 -0.0383129 0.931015 0.858338 0.402556 -0.318126
41 -1.56909 2.77436 0.210297 0.3626 -0.9146 -0.179 0.847629 0.602383 0.36303 -0.0382819 0.930991 0.858334 0.402557 -0.318136
42 -1.61991 2.76418 0.159381 0.3626 -0.9146 -0.179 0.842787 0.604714 0.363055 -0.0382703 0.930982 0.858325 0.402558 -0.318159
43 -1.56927 2.77928 0.184794 0.3626 -0.9146 -0.179 0.845854 0.601648 0.36301 -0.0382915 0.930998 0.858342 0.402556 -0.318116
44 -1.56909 2.77436 0.210297 0.3626 -0.9146 -0.179 0.847629 0.602383 0.36303 -0.0382819 0.930991 0.858334 0.402557 -0.318136
45 -1.61991 2.76418 0.159381 0.3626 -0.9146 -0.179 0.842787 0.604714 0.363055 -0.0382703 0.930982 0.858325 0.402558 -0.318159
46 -1.56909 2.77436 0.210297 0.3626 -0.9146 -0.179 0.847629 0.602383 0.36303 -0.0382819 0.930991 0.858334 0.402557 -0.318136
47 -1.6369 2.75414 0.176269 0.3626 -0.9146 -0.179 0.843522 0.606489 0.363075 -0.0382609 0.930974 0.858315 0.402559 -0.318186
48 -1.51968 2.82341 0.059746 0.3626 -0.9146 -0.179 0.838449 0.594245 0.363003 -0.0382946 0.931001 0.858299 0.40256 -0.318227
49 -1.57033 2.80831 0.034333 0.3626 -0.9146 -0.179 0.835382 0.597311 0.363009 -0.0382919 0.930999 0.858342 0.402556 -0.318116
50 -1.5705 2.81322 0.00883 0.3626 -0.9146 -0.179 0.833607 0.596576 0.363001 -0.0382953 0.931001 0.858332 0.402557 -0.318142
51 -1.51968 2.82341 0.059746 0.3626 -0.9146 -0.179 0.838449 0.594245 0.363003 -0.0382946 0.931001 0.858299 0.40256 -0.318227
52 -1.5705 2.81322 0.00883 0.3626 -0.9146 -0.179 0.833607 0.596576 0.363001 -0.0382953 0.931001 0.858332 0.402557 -0.318142
53 -1.50269 2.83345 0.042858 0.3626 -0.9146 -0.179 0.837714 0.592471 0.362996 -0.0382978 0.931003 0.858308 0.402559 -0.318203
54 -1.63253 2.79601 0.16561 -0.3626 0.9146 0.179 0.811001 0.125559 0.858381 0.402552 -0.318016 0.363167 -0.0382175 0.93094
55 -1.65382 2.79825 0.111014 -0.3626 0.9146 0.179 0.811001 0.129895 0.858519 0.402537 -0.317662 0.362964 -0.0383129 0.931015
56 -1.67802 2.78897 0.109395 -0.3626 0.9146 0.179 0.809226 0.13063 0.858319 0.402558 -0.318176 0.363016 -0.0382884 0.930996
57 -1.63253 2.79601 0.16561 -0.3626 0.9146 0.179 0.811001 0.125559 0.858381 0.402552 -0.318016 0.363167 -0.0382175 0.93094
58 -1.67802 2.78897 0.109395 -0.3626 0.9146 0.179 0.809226 0.13063 0.858319 0.402558 -0.318176 0.363016 -0.0382884 0.930996
59 -1.64952 2.78597 0.182498 -0.3626 0.9146 0.179 0.809226 0.124824 0.85836 0.402554 -0.318069 0.362999 -0.0382964 0.931002
60 -1.57033 2.80831 0.034333 0.3626 -0.9146 -0.179 0.835382 0.597311 0.363009 -0.0382919 0.930999 0.858342 0.402556 -0.318116
61 -1.62066 2.7847 0.052989 0.3626 -0.9146 -0.179 0.835382 0.601648 0.362932 -0.038328 0.931027 0.858344 0.402556 -0.318112
62 -1.6379 2.78162 0.03381 0.3626 -0.9146 -0.179 0.833607 0.602383 0.362976 -0.0383073 0.931011 0.858339 0.402556 -0.318125
63 -1.57033 2.80831 0.034333 0.3626 -0.9146 -0.179 0.835382 0.597311 0.363009 -0.0382919 0.930999 0.858342 0.402556 -0.318116
64 -1.6379 2.78162 0.03381 0.3626 -0.9146 -0.179 0.833607 0.602383 0.362976 -0.0383073 0.931011 0.858339 0.402556 -0.318125
65 -1.5705 2.81322 0.00883 0.3626 -0.9146 -0.179 0.833607 0.596576 0.363001 -0.0382953 0.931001 0.858332 0.402557 -0.318142
66 -1.62066 2.7847 0.052989 0.3626 -0.9146 -0.179 0.835382 0.601648 0.362932 -0.038328 0.931027 0.858344 0.402556 -0.318112
67 -1.6412 2.76642 0.104785 0.3626 -0.9146 -0.179 0.838449 0.604714 0.362911 -0.0383379 0.931035 0.858342 0.402556 -0.318117
68 -1.66541 2.75714 0.103166 0.3626 -0.9146 -0.179 0.837714 0.606489 0.3629 -0.0383432 0.931039 0.858356 0.402554 -0.31808
69 -1.62066 2.7847 0.052989 0.3626 -0.9146 -0.179 0.835382 0.601648 0.362932 -0.038328 0.931027 0.858344 0.402556 -0.318112
70 -1.66541 2.75714 0.103166 0.3626 -0.9146 -0.179 0.837714 0.606489 0.3629 -0.0383432 0.931039 0.858356 0.402554 -0.31808
71 -1.6379 2.78162 0.03381 0.3626 -0.9146 -0.179 0.833607 0.602383 0.362976 -0.0383073 0.931011 0.858339 0.402556 -0.318125
72 -1.53155 2.83472 0.172367 -0.3626 0.9146 0.179 0.818405 0.122493 0.858322 0.402558 -0.318168 0.363143 -0.038229 0.930949
73 -1.58189 2.81111 0.191023 -0.3626 0.9146 0.179 0.814068 0.122493 0.858308 0.402559 -0.318203 0.363342 -0.0381355 0.930875
74 -1.58171 2.80619 0.216526 -0.3626 0.9146 0.179 0.813333 0.120718 0.858369 0.402553 -0.318046 0.362866 -0.0383589 0.931051
75 -1.53155 2.83472 0.172367 -0.3626 0.9146 0.179 0.818405 0.122493 0.858322 0.402558 -0.318168 0.363143 -0.038229 0.930949
76 -1.58171 2.80619 0.216526 -0.3626 0.9146 0.179 0.813333 0.120718 0.858369 0.402553 -0.318046 0.362866 -0.0383589 0.931051
77 -1.51431 2.8378 0.191546 -0.3626 0.9146 0.179 0.819141 0.120718 0.858288 0.402562 -0.318255 0.362859 -0.0383623 0.931054
78 -1.6412 2.76642 0.104785 0.3626 -0.9146 -0.179 0.838449 0.604714 0.362911 -0.0383379 0.931035 0.858342 0.402556 -0.318117
79 -1.61991 2.76418 0.159381 0.3626 -0.9146 -0.179 0.842787 0.604714 0.363055 -0.0382703 0.930982 0.858325 0.402558 -0.318159
80 -1.6369 2.75414 0.176269 0.3626 -0.9146 -0.179 0.843522 0.606489 0.363075 -0.0382609 0.930974 0.858315 0.402559 -0.318186
81 -1.6412 2.76642 0.104785 0.3626 -0.9146 -0.179 0.838449 0.604714 0.362911 -0.0383379 0.931035 0.858342 0.402556 -0.318117
82 -1.6369 2.75414 0.176269 0.3626 -0.9146 -0.179 0.843522 0.606489 0.363075 -0.0382609 0.930974 0.858315 0.402559 -0.318186
83 -1.66541 2.75714 0.103166 0.3626 -0.9146 -0.179 0.837714 0.606489 0.3629 -0.0383432 0.931039 0.858356 0.402554 -0.31808
84 -1.5323 2.85524 0.065975 -0.3626 0.9146 0.179 0.821473 0.129895 0.858242 0.402566 -0.318372 0.362802 -0.0383889 0.931075
85 -1.51101 2.853 0.120571 -0.3626 0.9146 0.179 0.821473 0.125559 0.858147 0.402576 -0.318615 0.362951 -0.0383189 0.93102
86 -1.48681 2.86228 0.122191 -0.3626 0.9146 0.179 0.823247 0.124824 0.858345 0.402556 -0.318109 0.36311 -0.0382442 0.930961
87 -1.5323 2.85524 0.065975 -0.3626 0.9146 0.179 0.821473 0.129895 0.858242 0.402566 -0.318372 0.362802 -0.0383889 0.931075
88 -1.48681 2.86228 0.122191 -0.3626 0.9146 0.179 0.823247 0.124824 0.858345 0.402556 -0.318109 0.36311 -0.0382442 0.930961
89 -1.51531 2.86528 0.049087 -0.3626 0.9146 0.179 0.823247 0.13063 0.858309 0.402559 -0.318201 0.362834 -0.038374 0.931063
90 -1.65382 2.79825 0.111014 -0.3626 0.9146 0.179 0.811001 0.129895 0.858519 0.402537 -0.317662 0.362964 -0.0383129 0.931015
91 -1.63328 2.81653 0.059218 -0.3626 0.9146 0.179 0.814068 0.132962 0.858368 0.402553 -0.318049 0.362914 -0.0383364 0.931034
92 -1.65052 2.81345 0.040039 -0.3626 0.9146 0.179 0.813333 0.134736 0.858368 0.402553 -0.318049 0.363051 -0.0382722 0.930983
93 -1.65382 2.79825 0.111014 -0.3626 0.9146 0.179 0.811001 0.129895 0.858519 0.402537 -0.317662 0.362964 -0.0383129 0.931015
94 -1.65052 2.81345 0.040039 -0.3626 0.9146 0.179 0.813333 0.134736 0.858368 0.402553 -0.318049 0.363051 -0.0382722 0.930983
95 -1.67802 2.78897 0.109395 -0.3626 0.9146 0.179 0.809226 0.13063 0.858319 0.402558 -0.318176 0.363016 -0.0382884 0.930996
96 -1.5829 2.83887 0.047138 -0.3626 0.9146 0.179 0.818216 0.132504 0.858217 0.402569 -0.318437 0.362715 -0.0384297 0.931107
97 -1.53668 2.85265 0.07033 -0.3626 0.9146 0.179 0.821015 0.129706 0.857954 0.402597 -0.31911 0.363261 -0.0381738 0.930905
98 -1.5323 2.85524 0.065975 -0.3626 0.9146 0.179 0.821473 0.129895 0.858242 0.402566 -0.318372 0.362802 -0.0383889 0.931075
99 -1.5829 2.83887 0.047138 -0.3626 0.9146 0.179 0.818216 0.132504 0.858217 0.402569 -0.318437 0.362715 -0.0384297 0.931107
100 -1.5323 2.85524 0.065975 -0.3626 0.9146 0.179 0.821473 0.129895 0.858242 0.402566 -0.318372 0.362802 -0.0383889 0.931075
101 -1.58294 2.84014 0.040562 -0.3626 0.9146 0.179 0.818405 0.132962 0.858347 0.402555 -0.318103 0.362552 -0.0385062 0.931168
102 -1.53668 2.85265 0.07033 -0.3626 0.9146 0.179 0.821015 0.129706 0.857954 0.402597 -0.31911 0.363261 -0.0381738 0.930905
103 -1.51725 2.8506 0.120153 -0.3626 0.9146 0.179 0.821015 0.125749 0.858175 0.402573 -0.318545 0.363165 -0.0382186 0.930941
104 -1.51101 2.853 0.120571 -0.3626 0.9146 0.179 0.821473 0.125559 0.858147 0.402576 -0.318615 0.362951 -0.0383189 0.93102
105 -1.53668 2.85265 0.07033 -0.3626 0.9146 0.179 0.821015 0.129706 0.857954 0.402597 -0.31911 0.363261 -0.0381738 0.930905
106 -1.51101 2.853 0.120571 -0.3626 0.9146 0.179 0.821473 0.125559 0.858147 0.402576 -0.318615 0.362951 -0.0383189 0.93102
107 -1.5323 2.85524 0.065975 -0.3626 0.9146 0.179 0.821473 0.129895 0.858242 0.402566 -0.318372 0.362802 -0.0383889 0.931075
108 -1.51725 2.8506 0.120153 -0.3626 0.9146 0.179 0.821015 0.125749 0.858175 0.402573 -0.318545 0.363165 -0.0382186 0.930941
109 -1.536 2.83392 0.167422 -0.3626 0.9146 0.179 0.818216 0.12295 0.858521 0.402537 -0.317656 0.363904 -0.0378718 0.930666
110 -1.53155 2.83472 0.172367 -0.3626 0.9146 0.179 0.818405 0.122493 0.858322 0.402558 -0.318168 0.363143 -0.038229 0.930949
111 -1.51725 2.8506 0.120153 -0.3626 0.9146 0.179 0.821015 0.125749 0.858175 0.402573 -0.318545 0.363165 -0.0382186 0.930941
112 -1.53155 2.83472 0.172367 -0.3626 0.9146 0.179 0.818405 0.122493 0.858322 0.402558 -0.318168 0.363143 -0.038229 0.930949
113 -1.51101 2.853 0.120571 -0.3626 0.9146 0.179 0.821473 0.125559 0.858147 0.402576 -0.318615 0.362951 -0.0383189 0.93102
114 -1.536 2.83392 0.167422 -0.3626 0.9146 0.179 0.818216 0.12295 0.858521 0.402537 -0.317656 0.363904 -0.0378718 0.930666
115 -1.58193 2.81238 0.184447 -0.3626 0.9146 0.179 0.814258 0.12295 0.858323 0.402558 -0.318166 0.363648 -0.0379923 0.930762
116 -1.58189 2.81111 0.191023 -0.3626 0.9146 0.179 0.814068 0.122493 0.858308 0.402559 -0.318203 0.363342 -0.0381355 0.930875
117 -1.536 2.83392 0.167422 -0.3626 0.9146 0.179 0.818216 0.12295 0.858521 0.402537 -0.317656 0.363904 -0.0378718 0.930666
118 -1.58189 2.81111 0.191023 -0.3626 0.9146 0.179 0.814068 0.122493 0.858308 0.402559 -0.318203 0.363342 -0.0381355 0.930875
119 -1.53155 2.83472 0.172367 -0.3626 0.9146 0.179 0.818405 0.122493 0.858322 0.402558 -0.318168 0.363143 -0.038229 0.930949
120 -1.58193 2.81238 0.184447 -0.3626 0.9146 0.179 0.814258 0.12295 0.858323 0.402558 -0.318166 0.363648 -0.0379923 0.930762
121 -1.62815 2.7986 0.161255 -0.3626 0.9146 0.179 0.811459 0.125749 0.858663 0.402522 -0.317291 0.363278 -0.0381656 0.930899
122 -1.63253 2.79601 0.16561 -0.3626 0.9146 0.179 0.811001 0.125559 0.858381 0.402552 -0.318016 0.363167 -0.0382175 0.93094
123 -1.58193 2.81238 0.184447 -0.3626 0.9146 0.179 0.814258 0.12295 0.858323 0.402558 -0.318166 0.363648 -0.0379923 0.930762
124 -1.63253 2.79601 0.16561 -0.3626 0.9146 0.179 0.811001 0.125559 0.858381 0.402552 -0.318016 0.363167 -0.0382175 0.93094
125 -1.58189 2.81111 0.191023 -0.3626 0.9146 0.179 0.814068 0.122493 0.858308 0.402559 -0.318203 0.363342 -0.0381355 0.930875
126 -1.62815 2.7986 0.161255 -0.3626 0.9146 0.179 0.811459 0.125749 0.858663 0.402522 -0.317291 0.363278 -0.0381656 0.930899
127 -1.64758 2.80064 0.111432 -0.3626 0.9146 0.179 0.811459 0.129706 0.858596 0.402529 -0.317465 0.362786 -0.0383963 0.931081
128 -1.65382 2.79825 0.111014 -0.3626 0.9146 0.179 0.811001 0.129895 0.858519 0.402537 -0.317662 0.362964 -0.0383129 0.931015
129 -1.62815 2.7986 0.161255 -0.3626 0.9146 0.179 0.811459 0.125749 0.858663 0.402522 -0.317291 0.363278 -0.0381656 0.930899
130 -1.65382 2.79825 0.111014 -0.3626 0.9146 0.179 0.811001 0.129895 0.858519 0.402537 -0.317662 0.362964 -0.0383129 0.931015
131 -1.63253 2.79601 0.16561 -0.3626 0.9146 0.179 0.811001 0.125559 0.858381 0.402552 -0.318016 0.363167 -0.0382175 0.93094
132 -1.64758 2.80064 0.111432 -0.3626 0.9146 0.179 0.811459 0.129706 0.858596 0.402529 -0.317465 0.362786 -0.0383963 0.931081
133 -1.62883 2.81733 0.064163 -0.3626 0.9146 0.179 0.814258 0.132504 0.858191 0.402572 -0.318502 0.362276 -0.0386356 0.93127
134 -1.63328 2.81653 0.059218 -0.3626 0.9146 0.179 0.814068 0.132962 0.858368 0.402553 -0.318049 0.362914 -0.0383364 0.931034
135 -1.64758 2.80064 0.111432 -0.3626 0.9146 0.179 0.811459 0.129706 0.858596 0.402529 -0.317465 0.362786 -0.0383963 0.931081
136 -1.63328 2.81653 0.059218 -0.3626 0.9146 0.179 0.814068 0.132962 0.858368 0.402553 -0.318049 0.362914 -0.0383364 0.931034
137 -1.65382 2.79825 0.111014 -0.3626 0.9146 0.179 0.811001 0.129895 0.858519 0.402537 -0.317662 0.362964 -0.0383129 0.931015
138 -1.62883 2.81733 0.064163 -0.3626 0.9146 0.179 0.814258 0.132504 0.858191 0.402572 -0.318502 0.362276 -0.0386356 0.93127
139 -1.5829 2.83887 0.047138 -0.3626 0.9146 0.179 0.818216 0.132504 0.858217 0.402569 -0.318437 0.362715 -0.0384297 0.931107
140 -1.58294 2.84014 0.040562 -0.3626 0.9146 0.179 0.818405 0.132962 0.858347 0.402555 -0.318103 0.362552 -0.0385062 0.931168
141 -1.62883 2.81733 0.064163 -0.3626 0.9146 0.179 0.814258 0.132504 0.858191 0.402572 -0.318502 0.362276 -0.0386356 0.93127
142 -1.58294 2.84014 0.040562 -0.3626 0.9146 0.179 0.818405 0.132962 0.858347 0.402555 -0.318103 0.362552 -0.0385062 0.931168
143 -1.63328 2.81653 0.059218 -0.3626 0.9146 0.179 0.814068 0.132962 0.858368 0.402553 -0.318049 0.362914 -0.0383364 0.931034
144 -1.59552 2.86768 0.070734 -0.3626 0.9146 0.179 0.494893 0.223174 0.863624 0.257574 0.433369 -0.350272 -0.311733 0.883251
145 -1.56095 2.87799 0.08808 -0.3626 0.9146 0.179 0.497854 0.223174 0.863661 0.257606 0.433277 -0.35013 -0.31169 0.883322
146 -1.54943 2.8848 0.076621 -0.3626 0.9146 0.179 0.498353 0.224378 0.863643 0.257591 0.433321 -0.350228 -0.31172 0.883273
147 -1.59552 2.86768 0.070734 -0.3626 0.9146 0.179 0.494893 0.223174 0.863624 0.257574 0.433369 -0.350272 -0.311733 0.883251
148 -1.54943 2.8848 0.076621 -0.3626 0.9146 0.179 0.498353 0.224378 0.863643 0.257591 0.433321 -0.350228 -0.31172 0.883273
149 -1.59564 2.87102 0.053429 -0.3626 0.9146 0.179 0.494394 0.224378 0.863571 0.25754 0.433495 -0.350403 -0.311749 0.883193
150 -1.56095 2.87799 0.08808 -0.3626 0.9146 0.179 0.497854 0.223174 0.863661 0.257606 0.433277 -0.35013 -0.31169 0.883322
151 -1.54642 2.87645 0.125345 -0.3626 0.9146 0.179 0.499947 0.221081 0.86374 0.257677 0.433078 -0.350076 -0.311674 0.883349
152 -1.53 2.88275 0.126444 -0.3626 0.9146 0.179 0.501152 0.221579 0.863779 0.257712 0.432979 -0.350023 -0.311658 0.883376
153 -1.56095 2.87799 0.08808 -0.3626 0.9146 0.179 0.497854 0.223174 0.863661 0.257606 0.433277 -0.35013 -0.31169 0.883322
154 -1.53 2.88275 0.126444 -0.3626 0.9146 0.179 0.501152 0.221579 0.863779 0.257712 0.432979 -0.350023 -0.311658 0.883376
155 -1.54943 2.8848 0.076621 -0.3626 0.9146 0.179 0.498353 0.224378 0.863643 0.257591 0.433321 -0.350228 -0.31172 0.883273
156 -1.54642 2.87645 0.125345 -0.3626 0.9146 0.179 0.499947 0.221081 0.86374 0.257677 0.433078 -0.350076 -0.311674 0.883349
157 -1.56044 2.86398 0.160699 -0.3626 0.9146 0.179 0.499947 0.218121 0.863642 0.25759 0.433324 -0.350302 -0.311742 0.883236
158 -1.54874 2.86607 0.173713 -0.3626 0.9146 0.179 0.501152 0.217622 0.863722 0.257661 0.433122 -0.350324 -0.311748 0.883225
159 -1.54642 2.87645 0.125345 -0.3626 0.9146 0.179 0.499947 0.221081 0.86374 0.257677 0.433078 -0.350076 -0.311674 0.883349
160 -1.54874 2.86607 0.173713 -0.3626 0.9146 0.179 0.501152 0.217622 0.863722 0.257661 0.433122 -0.350324 -0.311748 0.883225
161 -1.53 2.88275 0.126444 -0.3626 0.9146 0.179 0.501152 0.221579 0.863779 0.257712 0.432979 -0.350023 -0.311658 0.883376
162 -1.56044 2.86398 0.160699 -0.3626 0.9146 0.179 0.499947 0.218121 0.863642 0.25759 0.433324 -0.350302 -0.311742 0.883236
163 -1.5948 2.84787 0.173433 -0.3626 0.9146 0.179 0.497854 0.216028 0.863615 0.257574 0.433387 -0.350309 -0.311731 0.883237
164 -1.59468 2.84453 0.190738 -0.3626 0.9146 0.179 0.498353 0.214824 0.86362 0.257583 0.433373 -0.350423 -0.311755 0.883183
165 -1.56044 2.86398 0.160699 -0.3626 0.9146 0.179 0.499947 0.218121 0.863642 0.25759 0.433324 -0.350302 -0.311742 0.883236
166 -1.59468 2.84453 0.190738 -0.3626 0.9146 0.179 0.498353 0.214824 0.86362 0.257583 0.433373 -0.350423 -0.311755 0.883183
167 -1.54874 2.86607 0.173713 -0.3626 0.9146 0.179 0.501152 0.217622 0.863722 0.257661 0.433122 -0.350324 -0.311748 0.883225
168 -1.5948 2.84787 0.173433 -0.3626 0.9146 0.179 0.497854 0.216028 0.863615 0.257574 0.433387 -0.350309 -0.311731 0.883237
169 -1.62937 2.83756 0.156087 -0.3626 0.9146 0.179 0.494893 0.216028 0.863615 0.257566 0.433392 -0.350144 -0.311694 0.883315
170 -1.6409 2.83074 0.167546 -0.3626 0.9146 0.179 0.494394 0.214824 0.863621 0.257584 0.43337 -0.350273 -0.31171 0.883258
171 -1.5948 2.84787 0.173433 -0.3626 0.9146 0.1789 0.497854 0.216028 0.863615 0.257574 0.433387 -0.350309 -0.311731 0.883237
172 -1.6409 2.83074 0.167546 -0.3626 0.9146 0.1789 0.494394 0.214824 0.863621 0.257584 0.43337 -0.350273 -0.31171 0.883258
173 -1.59468 2.84453 0.190738 -0.3626 0.9146 0.1789 0.498353 0.214824 0.86362 0.257583 0.433373 -0.350423 -0.311755 0.883183
174 -1.62937 2.83756 0.156087 -0.3626 0.9146 0.179 0.494893 0.216028 0.863615 0.257566 0.433392 -0.350144 -0.311694 0.883315
175 -1.6439 2.83909 0.118822 -0.3626 0.9146 0.179 0.4928 0.218121 0.863538 0.257497 0.433586 -0.350048 -0.311666 0.883364
176 -1.66032 2.83279 0.117723 -0.3626 0.9146 0.179 0.491595 0.217622 0.863575 0.25753 0.433492 -0.349997 -0.311651 0.883389
177 -1.62937 2.83756 0.156087 -0.3626 0.9146 0.179 0.494893 0.216028 0.863615 0.257566 0.433392 -0.350144 -0.311694 0.883315
178 -1.66032 2.83279 0.117723 -0.3626 0.9146 0.179 0.491595 0.217622 0.863575 0.25753 0.433492 -0.349997 -0.311651 0.883389
179 -1.6409 2.83074 0.167546 -0.3626 0.9146 0.179 0.494394 0.214824 0.863621 0.257584 0.43337 -0.350273 -0.31171 0.883258
180 -1.6439 2.83909 0.118822 -0.3626 0.9146 0.179 0.4928 0.218121 0.863538 0.257497 0.433586 -0.350048 -0.311666 0.883364
181 -1.62988 2.85156 0.083468 -0.3626 0.9146 0.179 0.4928 0.221081 0.86353 0.257497 0.433603 -0.350309 -0.311731 0.883237
182 -1.64158 2.84947 0.070454 -0.3626 0.9146 0.179 0.491595 0.221579 0.863437 0.257421 0.433833 -0.350327 -0.311726 0.883231
183 -1.6439 2.83909 0.118822 -0.3626 0.9146 0.179 0.4928 0.218121 0.863538 0.257497 0.433586 -0.350048 -0.311666 0.883364
184 -1.64158 2.84947 0.070454 -0.3626 0.9146 0.179 0.491595 0.221579 0.863437 0.257421 0.433833 -0.350327 -0.311726 0.883231
185 -1.66032 2.83279 0.117723 -0.3626 0.9146 0.179 0.491595 0.217622 0.863575 0.25753 0.433492 -0.349997 -0.311651 0.883389
186 -1.62988 2.85156 0.083468 -0.3626 0.9146 0.179 0.4928 0.221081 0.86353 0.257497 0.433603 -0.350309 -0.311731 0.883237
187 -1.59552 2.86768 0.070734 -0.3626 0.9146 0.179 0.494893 0.223174 0.863624 0.257574 0.433369 -0.350272 -0.311733 0.883251
188 -1.59564 2.87102 0.053429 -0.3626 0.9146 0.179 0.494394 0.224378 0.863571 0.25754 0.433495 -0.350403 -0.311749 0.883193
189 -1.62988 2.85156 0.083468 -0.3626 0.9146 0.1789 0.4928 0.221081 0.86353 0.257497 0.433603 -0.350309 -0.311731 0.883237
190 -1.59564 2.87102 0.053429 -0.3626 0.9146 0.1789 0.494394 0.224378 0.863571 0.25754 0.433495 -0.350403 -0.311749 0.883193
191 -1.64158 2.84947 0.070454 -0.3626 0.9146 0.1789 0.491595 0.221579 0.863437 0.257421 0.433833 -0.350327 -0.311726 0.883231
192 -1.35986 2.12683 -0.075748 -0.3626 0.9146 0.179 0.800364 0.211708 -0.858331 -0.402557 0.318144 -0.363144 0.0382286 -0.930949
193 -1.30952 2.15043 -0.094404 -0.3626 0.9146 0.179 0.796026 0.211708 -0.85837 -0.402553 0.318045 -0.36309 0.0382538 -0.930969
194 -1.30976 2.15707 -0.128839 -0.3626 0.9146 0.179 0.795033 0.209312 -0.85835 -0.402555 0.318095 -0.363124 0.0382379 -0.930956
195 -1.35986 2.12683 -0.075748 -0.3626 0.9146 0.179 0.800364 0.211708 -0.858331 -0.402557 0.318144 -0.363144 0.0382286 -0.930949
196 -1.30976 2.15707 -0.128839 -0.3626 0.9146 0.179 0.795033 0.209312 -0.85835 -0.402555 0.318095 -0.363124 0.0382379 -0.930956
197 -1.38314 2.12266 -0.101644 -0.3626 0.9146 0.179 0.801356 0.209312 -0.858311 -0.402559 0.318195 -0.363203 0.038201 -0.930927
198 -1.23759 2.16329 -0.014395 -0.3626 0.9146 0.179 0.792959 0.21911 -0.858327 -0.402557 0.318156 -0.362946 0.0383214 -0.931022
199 -1.25813 2.14501 0.037401 -0.3626 0.9146 0.179 0.796026 0.222177 -0.858368 -0.402553 0.31805 -0.36287 0.0383571 -0.93105
200 -1.23485 2.14917 0.063297 -0.3626 0.9146 0.179 0.795033 0.224573 -0.858353 -0.402555 0.318088 -0.362915 0.0383361 -0.931033
201 -1.23759 2.16329 -0.014395 -0.3626 0.9146 0.179 0.792959 0.21911 -0.858327 -0.402557 0.318156 -0.362946 0.0383214 -0.931022
202 -1.23485 2.14917 0.063297 -0.3626 0.9146 0.179 0.795033 0.224573 -0.858353 -0.402555 0.318088 -0.362915 0.0383361 -0.931033
203 -1.20491 2.17582 -0.012208 -0.3626 0.9146 0.179 0.790562 0.220103 -0.858302 -0.40256 0.318218 -0.362964 0.038313 -0.931015
204 -1.34776 2.09632 -0.081717 0.3626 -0.9146 -0.179 0.808529 0.214774 0.863608 0.257559 0.43341 0.350284 0.311736 -0.883245
205 -1.3683 2.07804 -0.029921 0.3626 -0.9146 -0.179 0.808529 0.21911 0.863575 0.25753 0.433495 0.350205 0.311713 -0.883284
206 -1.40099 2.06552 -0.032108 0.3626 -0.9146 -0.179 0.806132 0.220103 0.863577 0.257532 0.433488 0.350221 0.311717 -0.883277
207 -1.34776 2.09632 -0.081717 0.3626 -0.9146 -0.179 0.808529 0.214774 0.863608 0.257559 0.43341 0.350284 0.311736 -0.883245
208 -1.40099 2.06552 -0.032108 0.3626 -0.9146 -0.179 0.806132 0.220103 0.863577 0.257532 0.433488 0.350221 0.311717 -0.883277
209 -1.37104 2.09216 -0.107613 0.3626 -0.9146 -0.179 0.806132 0.213781 0.863685 0.257628 0.433216 0.350296 0.31174 -0.883239
210 -1.2255 2.13279 -0.020364 0.3626 -0.9146 -0.179 0.819001 0.214774 0.863565 0.257521 0.433518 0.35037 0.311762 -0.883202
211 -1.24678 2.13503 -0.07496 0.3626 -0.9146 -0.179 0.815934 0.211708 0.863608 0.257559 0.433411 0.350407 0.311773 -0.883183
212 -1.22385 2.14859 -0.097762 0.3626 -0.9146 -0.179 0.816926 0.209312 0.863588 0.257542 0.433461 0.350434 0.311781 -0.883169
213 -1.2255 2.13279 -0.020364 0.3626 -0.9146 -0.179 0.819001 0.214774 0.863565 0.257521 0.433518 0.35037 0.311762 -0.883202
214 -1.22385 2.14859 -0.097762 0.3626 -0.9146 -0.179 0.816926 0.209312 0.863588 0.257542 0.433461 0.350434 0.311781 -0.883169
215 -1.19281 2.14532 -0.018177 0.3626 -0.9146 -0.179 0.821397 0.213781 0.863579 0.257534 0.433483 0.350323 0.311748 -0.883226
216 -1.30846 2.12141 0.056057 -0.3626 0.9146 0.1789 0.800364 0.222177 -0.858359 -0.40254 0.318091 -0.362817 0.0383316 -0.931072
217 -1.35911 2.1063 0.030644 -0.3626 0.9146 0.1789 0.803431 0.21911 -0.858352 -0.402541 0.318108 -0.362932 0.0382775 -0.931029
218 -1.38205 2.09275 0.053447 -0.3626 0.9146 0.1789 0.805827 0.220103 -0.858376 -0.402538 0.318047 -0.362886 0.0382991 -0.931046
219 -1.30846 2.12141 0.056057 -0.3626 0.9146 0.179 0.800364 0.222177 -0.858359 -0.40254 0.318091 -0.362817 0.0383316 -0.931072
220 -1.38205 2.09275 0.053447 -0.3626 0.9146 0.179 0.805827 0.220103 -0.858376 -0.402538 0.318047 -0.362886 0.0382991 -0.931046
221 -1.30822 2.11476 0.090492 -0.3626 0.9146 0.179 0.801356 0.224573 -0.858333 -0.402557 0.318138 -0.362826 0.0383775 -0.931066
222 -1.29637 2.0909 0.050088 0.3626 -0.9146 -0.179 0.815934 0.222177 0.86364 0.257588 0.433329 0.35006 0.311669 -0.883358
223 -1.24604 2.11451 0.031432 0.3626 -0.9146 -0.179 0.819001 0.21911 0.863634 0.257582 0.433346 0.350184 0.311706 -0.883295
224 -1.22275 2.11867 0.057328 0.3626 -0.9146 -0.179 0.821397 0.220103 0.863655 0.257601 0.433291 0.350138 0.311692 -0.883318
225 -1.29637 2.0909 0.050088 0.3626 -0.9146 -0.179 0.815934 0.222177 0.86364 0.257588 0.433329 0.35006 0.311669 -0.883358
226 -1.22275 2.11867 0.057328 0.3626 -0.9146 -0.179 0.821397 0.220103 0.863655 0.257601 0.433291 0.350138 0.311692 -0.883318
227 -1.29613 2.08426 0.084523 0.3626 -0.9146 -0.179 0.816926 0.224573 0.863623 0.257572 0.433373 0.350053 0.311667 -0.883361
228 -1.3804 2.10855 -0.023952 -0.3626 0.9146 0.179 0.803431 0.214774 -0.85828 -0.402562 0.318276 -0.363122 0.0382386 -0.930956
229 -1.35986 2.12683 -0.075748 -0.3626 0.9146 0.179 0.800364 0.211708 -0.858331 -0.402557 0.318144 -0.363144 0.0382286 -0.930949
230 -1.38314 2.12266 -0.101644 -0.3626 0.9146 0.179 0.801356 0.209312 -0.858311 -0.402559 0.318195 -0.363203 0.038201 -0.930927
231 -1.3804 2.10855 -0.023952 -0.3626 0.9146 0.179 0.803431 0.214774 -0.85828 -0.402562 0.318276 -0.363122 0.0382386 -0.930956
232 -1.38314 2.12266 -0.101644 -0.3626 0.9146 0.179 0.801356 0.209312 -0.858311 -0.402559 0.318195 -0.363203 0.038201 -0.930927
233 -1.41308 2.09602 -0.026139 -0.3626 0.9146 0.179 0.805827 0.213781 -0.858288 -0.402562 0.318254 -0.363077 0.0382598 -0.930973
234 -1.25888 2.16553 -0.068991 -0.3626 0.9146 0.179 0.792959 0.214774 -0.858325 -0.402558 0.318161 -0.363043 0.0382757 -0.930986
235 -1.23759 2.16329 -0.014395 -0.3626 0.9146 0.179 0.792959 0.21911 -0.858327 -0.402557 0.318156 -0.362946 0.0383214 -0.931022
236 -1.20491 2.17582 -0.012208 -0.3626 0.9146 0.179 0.790562 0.220103 -0.858302 -0.40256 0.318218 -0.362964 0.038313 -0.931015
237 -1.25888 2.16553 -0.068991 -0.3626 0.9146 0.179 0.792959 0.214774 -0.858325 -0.402558 0.318161 -0.363043 0.0382757 -0.930986
238 -1.20491 2.17582 -0.012208 -0.3626 0.9146 0.179 0.790562 0.220103 -0.858302 -0.40256 0.318218 -0.362964 0.038313 -0.931015
239 -1.23594 2.17909 -0.091793 -0.3626 0.9146 0.179 0.790562 0.213781 -0.858409 -0.402549 0.317944 -0.363057 0.0382695 -0.930981
240 -1.34702 2.0758 0.024675 0.3626 -0.9146 -0.179 0.811596 0.222177 0.863639 0.257587 0.433332 0.350055 0.311668 -0.88336
241 -1.29637 2.0909 0.050088 0.3626 -0.9146 -0.179 0.815934 0.222177 0.86364 0.257588 0.433329 0.35006 0.311669 -0.883358
242 -1.29613 2.08426 0.084523 0.3626 -0.9146 -0.179 0.816926 0.224573 0.863623 0.257572 0.433373 0.350053 0.311667 -0.883361
243 -1.34702 2.0758 0.024675 0.3626 -0.9146 -0.179 0.811596 0.222177 0.863639 0.257587 0.433332 0.350055 0.311668 -0.88336
244 -1.29613 2.08426 0.084523 0.3626 -0.9146 -0.179 0.816926 0.224573 0.863623 0.257572 0.433373 0.350053 0.311667 -0.883361
245 -1.36996 2.06224 0.047477 0.3626 -0.9146 -0.179 0.810603 0.224573 0.863624 0.257574 0.43337 0.350167 0.311701 -0.883304
246 -1.29743 2.11993 -0.100373 0.3626 -0.9146 -0.179 0.811596 0.211708 0.863671 0.257616 0.43325 0.350345 0.311754 -0.883214
247 -1.34776 2.09632 -0.081717 0.3626 -0.9146 -0.179 0.808529 0.214774 0.863608 0.257559 0.43341 0.350284 0.311736 -0.883245
248 -1.37104 2.09216 -0.107613 0.3626 -0.9146 -0.179 0.806132 0.213781 0.863685 0.257628 0.433216 0.350296 0.31174 -0.883239
249 -1.29743 2.11993 -0.100373 0.3626 -0.9146 -0.179 0.811596 0.211708 0.863671 0.257616 0.43325 0.350345 0.311754 -0.883214
250 -1.37104 2.09216 -0.107613 0.3626 -0.9146 -0.179 0.806132 0.213781 0.863685 0.257628 0.433216 0.350296 0.31174 -0.883239
251 -1.29767 2.12657 -0.134808 0.3626 -0.9146 -0.179 0.810603 0.209312 0.86365 0.257597 0.433304 0.350351 0.311756 -0.883211
252 -1.30952 2.15043 -0.094404 -0.3626 0.9146 0.179 0.796026 0.211708 -0.85837 -0.402553 0.318045 -0.36309 0.0382538 -0.930969
253 -1.25888 2.16553 -0.068991 -0.3626 0.9146 0.179 0.792959 0.214774 -0.858325 -0.402558 0.318161 -0.363043 0.0382757 -0.930986
254 -1.23594 2.17909 -0.091793 -0.3626 0.9146 0.179 0.790562 0.213781 -0.858409 -0.402549 0.317944 -0.363057 0.0382695 -0.930981
255 -1.30952 2.15043 -0.094404 -0.3626 0.9146 0.179 0.796026 0.211708 -0.85837 -0.402553 0.318045 -0.36309 0.0382538 -0.930969
256 -1.23594 2.17909 -0.091793 -0.3626 0.9146 0.179 0.790562 0.213781 -0.858409 -0.402549 0.317944 -0.363057 0.0382695 -0.930981
257 -1.30976 2.15707 -0.128839 -0.3626 0.9146 0.179 0.795033 0.209312 -0.85835 -0.402555 0.318095 -0.363124 0.0382379 -0.930956
258 -1.35911 2.1063 0.030644 -0.3626 0.9146 0.179 0.803431 0.21911 -0.858352 -0.402541 0.318108 -0.362932 0.0382775 -0.931029
259 -1.3804 2.10855 -0.023952 -0.3626 0.9146 0.179 0.803431 0.214774 -0.85828 -0.402562 0.318276 -0.363122 0.0382386 -0.930956
260 -1.41308 2.09602 -0.026139 -0.3626 0.9146 0.179 0.805827 0.213781 -0.858288 -0.402562 0.318254 -0.363077 0.0382598 -0.930973
261 -1.35911 2.1063 0.030644 -0.3626 0.9146 0.179 0.803431 0.21911 -0.858352 -0.402541 0.318108 -0.362932 0.0382775 -0.931029
262 -1.41308 2.09602 -0.026139 -0.3626 0.9146 0.179 0.805827 0.213781 -0.858288 -0.402562 0.318254 -0.363077 0.0382598 -0.930973
263 -1.38205 2.09275 0.053447 -0.3626 0.9146 0.179 0.805827 0.220103 -0.858376 -0.402538 0.318047 -0.362886 0.0382991 -0.931046
264 -1.24604 2.11451 0.031432 0.3626 -0.9146 -0.179 0.819001 0.21911 0.863634 0.257582 0.433346 0.350184 0.311706 -0.883295
265 -1.2255 2.13279 -0.020364 0.3626 -0.9146 -0.179 0.819001 0.214774 0.863565 0.257521 0.433518 0.35037 0.311762 -0.883202
266 -1.19281 2.14532 -0.018177 0.3626 -0.9146 -0.179 0.821397 0.213781 0.863579 0.257534 0.433483 0.350323 0.311748 -0.883226
267 -1.24604 2.11451 0.031432 0.3626 -0.9146 -0.179 0.819001 0.21911 0.863634 0.257582 0.433346 0.350184 0.311706 -0.883295
268 -1.19281 2.14532 -0.018177 0.3626 -0.9146 -0.179 0.821397 0.213781 0.863579 0.257534 0.433483 0.350323 0.311748 -0.883226
269 -1.22275 2.11867 0.057328 0.3626 -0.9146 -0.179 0.821397 0.220103 0.863655 0.257601 0.433291 0.350138 0.311692 -0.883318
270 -1.25813 2.14501 0.037401 -0.3626 0.9146 0.179 0.796026 0.222177 -0.858368 -0.402553 0.31805 -0.36287 0.0383571 -0.93105
271 -1.30846 2.12141 0.056057 -0.3626 0.9146 0.179 0.800364 0.222177 -0.858359 -0.40254 0.318091 -0.362817 0.0383316 -0.931072
272 -1.30822 2.11476 0.090492 -0.3626 0.9146 0.179 0.801356 0.224573 -0.858333 -0.402557 0.318138 -0.362826 0.0383775 -0.931066
273 -1.25813 2.14501 0.037401 -0.3626 0.9146 0.179 0.796026 0.222177 -0.858368 -0.402553 0.31805 -0.36287 0.0383571 -0.93105
274 -1.30822 2.11476 0.090492 -0.3626 0.9146 0.179 0.801356 0.224573 -0.858333 -0.402557 0.318138 -0.362826 0.0383775 -0.931066
275 -1.23485 2.14917 0.063297 -0.3626 0.9146 0.179 0.795033 0.224573 -0.858353 -0.402555 0.318088 -0.362915 0.0383361 -0.931033
276 -1.24678 2.13503 -0.07496 0.3626 -0.9146 -0.179 0.815934 0.211708 0.863608 0.257559 0.433411 0.350407 0.311773 -0.883183
277 -1.29743 2.11993 -0.100373 0.3626 -0.9146 -0.179 0.811596 0.211708 0.863671 0.257616 0.43325 0.350345 0.311754 -0.883214
278 -1.29767 2.12657 -0.134808 0.3626 -0.9146 -0.179 0.810603 0.209312 0.86365 0.257597 0.433304 0.350351 0.311756 -0.883211
279 -1.24678 2.13503 -0.07496 0.3626 -0.9146 -0.179 0.815934 0.211708 0.863608 0.257559 0.433411 0.350407 0.311773 -0.883183
280 -1.29767 2.12657 -0.134808 0.3626 -0.9146 -0.179 0.810603 0.209312 0.86365 0.257597 0.433304 0.350351 0.311756 -0.883211
281 -1.22385 2.14859 -0.097762 0.3626 -0.9146 -0.179 0.816926 0.209312 0.863588 0.257542 0.433461 0.350434 0.311781 -0.883169
282 -1.3683 2.07804 -0.029921 0.3626 -0.9146 -0.179 0.808529 0.21911 0.863575 0.25753 0.433495 0.350205 0.311713 -0.883284
283 -1.34702 2.0758 0.024675 0.3626 -0.9146 -0.179 0.811596 0.222177 0.863639 0.257587 0.433332 0.350055 0.311668 -0.88336
284 -1.36996 2.06224 0.047477 0.3626 -0.9146 -0.179 0.810603 0.224573 0.863624 0.257574 0.43337 0.350167 0.311701 -0.883304
285 -1.3683 2.07804 -0.029921 0.3626 -0.9146 -0.179 0.808529 0.21911 0.863575 0.25753 0.433495 0.350205 0.311713 -0.883284
286 -1.36996 2.06224 0.047477 0.3626 -0.9146 -0.179 0.810603 0.224573 0.863624 0.257574 0.43337 0.350167 0.311701 -0.883304
287 -1.40099 2.06552 -0.032108 0.3626 -0.9146 -0.179 0.806132 0.220103 0.863577 0.257532 0.433488 0.350221 0.311717 -0.883277
288 0.087597 -1.52436 -0.790235 0.3626 -0.9146 -0.179 0.452583 0.222236 -0.863581 -0.257535 -0.433479 -0.350245 -0.311724 0.883265
289 0.088345 -1.54488 -0.683843 0.3626 -0.9146 -0.179 0.449516 0.214833 -0.863592 -0.257546 -0.43345 -0.350246 -0.311725 0.883264
290 0.067058 -1.54264 -0.738439 0.3626 -0.9146 -0.179 0.452583 0.217899 -0.86354 -0.257499 -0.433581 -0.350242 -0.311724 0.883266
291 0.088345 -1.54488 -0.683843 0.3626 -0.9146 -0.179 0.449516 0.214833 -0.863592 -0.257546 -0.43345 -0.350246 -0.311725 0.883264
292 0.087597 -1.52436 -0.790235 0.3626 -0.9146 -0.179 0.452583 0.222236 -0.863581 -0.257535 -0.433479 -0.350245 -0.311724 0.883265
293 0.137933 -1.50075 -0.808891 0.3626 -0.9146 -0.179 0.449516 0.225302 -0.863645 -0.257592 -0.433317 -0.350244 -0.311724 0.883265
294 0.088345 -1.54488 -0.683843 0.3626 -0.9146 -0.179 0.449516 0.214833 -0.863592 -0.257546 -0.43345 -0.350246 -0.311725 0.883264
295 0.137933 -1.50075 -0.808891 0.3626 -0.9146 -0.179 0.449516 0.225302 -0.863645 -0.257592 -0.433317 -0.350244 -0.311724 0.883265
296 0.13899 -1.52978 -0.65843 0.3626 -0.9146 -0.179 0.445178 0.214833 -0.863634 -0.257583 -0.433344 -0.35026 -0.311729 0.883257
297 0.13899 -1.52978 -0.65843 0.3626 -0.9146 -0.179 0.445178 0.214833 -0.863634 -0.257583 -0.433344 -0.35026 -0.311729 0.883257
298 0.137933 -1.50075 -0.808891 0.3626 -0.9146 -0.179 0.449516 0.225302 -0.863645 -0.257592 -0.433317 -0.350244 -0.311724 0.883265
299 0.189325 -1.50617 -0.677086 0.3626 -0.9146 -0.179 0.442111 0.217899 -0.863617 -0.257568 -0.433386 -0.350252 -0.311727 0.883261
300 0.189325 -1.50617 -0.677086 0.3626 -0.9146 -0.179 0.442111 0.217899 -0.863617 -0.257568 -0.433386 -0.350252 -0.311727 0.883261
301 0.137933 -1.50075 -0.808891 0.3626 -0.9146 -0.179 0.449516 0.225302 -0.863645 -0.257592 -0.433317 -0.350244 -0.311724 0.883265
302 0.188577 -1.48565 -0.783478 0.3626 -0.9146 -0.179 0.445178 0.225302 -0.863599 -0.257551 -0.433434 -0.350212 -0.311715 0.883281
303 0.189325 -1.50617 -0.677086 0.3626 -0.9146 -0.179 0.442111 0.217899 -0.863617 -0.257568 -0.433386 -0.350252 -0.311727 0.883261
304 0.188577 -1.48565 -0.783478 0.3626 -0.9146 -0.179 0.445178 0.225302 -0.863599 -0.257551 -0.433434 -0.350212 -0.311715 0.883281
305 0.209865 -1.48789 -0.728882 0.3626 -0.9146 -0.179 0.442111 0.222236 -0.863546 -0.257504 -0.433567 -0.350255 -0.311727 0.88326
306 -1.62937 2.83756 0.156087 -0.3626 0.9146 0.179 0.494893 0.216028 0.863615 0.257566 0.433392 -0.350144 -0.311694 0.883315
307 -1.62988 2.85156 0.083468 -0.3626 0.9146 0.179 0.4928 0.221081 0.86353 0.257497 0.433603 -0.350309 -0.311731 0.883237
308 -1.6439 2.83909 0.118822 -0.3626 0.9146 0.179 0.4928 0.218121 0.863538 0.257497 0.433586 -0.350048 -0.311666 0.883364
309 -1.62988 2.85156 0.083468 -0.3626 0.9146 0.179 0.4928 0.221081 0.86353 0.257497 0.433603 -0.350309 -0.311731 0.883237
310 -1.62937 2.83756 0.156087 -0.3626 0.9146 0.179 0.494893 0.216028 0.863615 0.257566 0.433392 -0.350144 -0.311694 0.883315
311 -1.5948 2.84787 0.173433 -0.3626 0.9146 0.179 0.497854 0.216028 0.863615 0.257574 0.433387 -0.350309 -0.311731 0.883237
312 -1.62988 2.85156 0.083468 -0.3626 0.9146 0.179 0.4928 0.221081 0.86353 0.257497 0.433603 -0.350309 -0.311731 0.883237
313 -1.5948 2.84787 0.173433 -0.3626 0.9146 0.179 0.497854 0.216028 0.863615 0.257574 0.433387 -0.350309 -0.311731 0.883237
314 -1.59552 2.86768 0.070734 -0.3626 0.9146 0.179 0.494893 0.223174 0.863624 0.257574 0.433369 -0.350272 -0.311733 0.883251
315 -1.59552 2.86768 0.070734 -0.3626 0.9146 0.179 0.494893 0.223174 0.863624 0.257574 0.433369 -0.350272 -0.311733 0.883251
316 -1.5948 2.84787 0.173433 -0.3626 0.9146 0.179 0.497854 0.216028 0.863615 0.257574 0.433387 -0.350309 -0.311731 0.883237
317 -1.56044 2.86398 0.160699 -0.3626 0.9146 0.179 0.499947 0.218121 0.863642 0.25759 0.433324 -0.350302 -0.311742 0.883236
318 -1.59552 2.86768 0.070734 -0.3626 0.9146 0.179 0.494893 0.223174 0.863624 0.257574 0.433369 -0.350272 -0.311733 0.883251
319 -1.56044 2.86398 0.160699 -0.3626 0.9146 0.179 0.499947 0.218121 0.863642 0.25759 0.433324 -0.350302 -0.311742 0.883236
320 -1.56095 2.87799 0.08808 -0.3626 0.9146 0.179 0.497854 0.223174 0.863661 0.257606 0.433277 -0.35013 -0.31169 0.883322
321 -1.56095 2.87799 0.08808 -0.3626 0.9146 0.179 0.497854 0.223174 0.863661 0.257606 0.433277 -0.35013 -0.31169 0.883322
322 -1.56044 2.86398 0.160699 -0.3626 0.9146 0.179 0.499947 0.218121 0.863642 0.25759 0.433324 -0.350302 -0.311742 0.883236
323 -1.54642 2.87645 0.125345 -0.3626 0.9146 0.179 0.499947 0.221081 0.86374 0.257677 0.433078 -0.350076 -0.311674 0.883349
324 -1.62883 2.81733 0.064163 -0.6639 -0.1187 -0.7384 0.928956 0.581914 0.362582 -0.914605 -0.178974 0.65409 0.386554 -0.650187
325 -1.64758 2.80064 0.111432 -0.9319 -0.3572 -0.0624 0.928956 0.585872 0.362558 -0.914613 -0.178983 -0.00686129 0.189425 -0.981871
326 -1.66032 2.83279 0.117723 -0.9319 -0.3572 -0.0624 0.926356 0.585872 0.362558 -0.914613 -0.178984 -0.00684864 0.189437 -0.981869
327 -1.62883 2.81733 0.064163 -0.6639 -0.1187 -0.7384 0.928956 0.581914 0.362582 -0.914605 -0.178974 0.65409 0.386554 -0.650187
328 -1.66032 2.83279 0.117723 -0.9319 -0.3572 -0.0624 0.926356 0.585872 0.362558 -0.914613 -0.178984 -0.00684864 0.189437 -0.981869
329 -1.64158 2.84947 0.070454 -0.6638 -0.1187 -0.7384 0.926356 0.581914 0.362607 -0.9146 -0.178949 0.654092 0.386566 -0.650177
330 -1.61516 2.77082 0.050273 -0.6639 -0.1187 -0.7384 0.419496 0.831653 0.654047 0.386532 -0.650243 -0.362612 0.914587 0.179004
331 -1.62066 2.7847 0.052989 -0.6638 -0.1187 -0.7384 0.419496 0.830531 0.654131 0.386537 -0.650156 -0.36265 0.914575 0.178991
332 -1.57033 2.80831 0.034333 -0.0069 0.1894 -0.9819 0.422563 0.830531 0.931926 0.357246 0.0623708 -0.362616 0.914593 0.178965
333 -1.61516 2.77082 0.050273 -0.6639 -0.1187 -0.7384 0.419496 0.831653 0.654047 0.386532 -0.650243 -0.362612 0.914587 0.179004
334 -1.57033 2.80831 0.034333 -0.0069 0.1894 -0.9819 0.422563 0.830531 0.931926 0.357246 0.0623708 -0.362616 0.914593 0.178965
335 -1.56482 2.79443 0.031617 -0.0069 0.1894 -0.9819 0.422563 0.831653 0.931928 0.357242 0.0623561 -0.362578 0.914608 0.178968
336 -1.6357 2.75254 0.10207 -0.9319 -0.3573 -0.0624 0.98315 0.908117 0.00687453 -0.189408 0.981874 0.362644 -0.914586 -0.178949
337 -1.6412 2.76642 0.104785 -0.9319 -0.3573 -0.0624 0.98315 0.909239 0.00687689 -0.189414 0.981873 0.362644 -0.914589 -0.178932
338 -1.62066 2.7847 0.052989 -0.6638 -0.1187 -0.7384 0.978812 0.909239 -0.654097 -0.386554 0.650179 0.362601 -0.914604 -0.178942
339 -1.6357 2.75254 0.10207 -0.9319 -0.3573 -0.0624 0.98315 0.908117 0.00687453 -0.189408 0.981874 0.362644 -0.914586 -0.178949
340 -1.62066 2.7847 0.052989 -0.6638 -0.1187 -0.7384 0.978812 0.909239 -0.654097 -0.386554 0.650179 0.362601 -0.914604 -0.178942
341 -1.61516 2.77082 0.050273 -0.6638 -0.1187 -0.7384 0.978812 0.908117 -0.654103 -0.386554 0.650174 0.362624 -0.91459 -0.178965
342 -1.61441 2.7503 0.156665 -0.6541 -0.3866 0.6502 0.986217 0.908117 0.663858 0.118703 0.738378 0.362623 -0.914584 -0.179001
343 -1.61991 2.76418 0.159381 -0.6541 -0.3866 0.6502 0.986217 0.909239 0.663861 0.118696 0.738376 0.362618 -0.914585 -0.179006
344 -1.6412 2.76642 0.104785 -0.9319 -0.3573 -0.0624 0.98315 0.909239 0.00687689 -0.189414 0.981873 0.362644 -0.914589 -0.178932
345 -1.61441 2.7503 0.156665 -0.6541 -0.3866 0.6502 0.986217 0.908117 0.663858 0.118703 0.738378 0.362623 -0.914584 -0.179001
346 -1.6412 2.76642 0.104785 -0.9319 -0.3573 -0.0624 0.98315 0.909239 0.00687689 -0.189414 0.981873 0.362644 -0.914589 -0.178932
347 -1.6357 2.75254 0.10207 -0.9319 -0.3573 -0.0624 0.98315 0.908117 0.00687453 -0.189408 0.981874 0.362644 -0.914586 -0.178949
348 -1.56377 2.7654 0.182078 0.0069 -0.1894 0.9819 0.731136 0.850328 -0.931926 -0.357246 -0.0623579 -0.362581 0.914607 0.178968
349 -1.56927 2.77928 0.184794 0.0069 -0.1894 0.9819 0.731136 0.849206 -0.931925 -0.35725 -0.0623616 -0.362589 0.914604 0.178967
350 -1.61991 2.76418 0.159381 -0.6541 -0.3866 0.6502 0.735473 0.849206 -0.663831 -0.11866 -0.738409 -0.362612 0.914586 0.179013
351 -1.56377 2.7654 0.182078 0.0069 -0.1894 0.9819 0.731136 0.850328 -0.931926 -0.357246 -0.0623579 -0.362581 0.914607 0.178968
352 -1.61991 2.76418 0.159381 -0.6541 -0.3866 0.6502 0.735473 0.849206 -0.663831 -0.11866 -0.738409 -0.362612 0.914586 0.179013
353 -1.61441 2.7503 0.156665 -0.6541 -0.3865 0.6502 0.735473 0.850328 -0.663851 -0.1187 -0.738385 -0.362557 0.91462 0.178948
354 -1.51343 2.78901 0.163423 0.6638 0.1187 0.7384 0.707085 0.148687 -0.654117 -0.386542 0.650166 -0.362606 0.914601 0.178947
355 -1.51893 2.80289 0.166138 0.6638 0.1187 0.7384 0.707085 0.147565 -0.654115 -0.386541 0.650168 -0.362745 0.914518 0.179086
356 -1.56927 2.77928 0.184794 0.0069 -0.1894 0.9819 0.710152 0.147565 -0.931925 -0.35725 -0.0623616 -0.362589 0.914604 0.178967
357 -1.51343 2.78901 0.163423 0.6638 0.1187 0.7384 0.707085 0.148687 -0.654117 -0.386542 0.650166 -0.362606 0.914601 0.178947
358 -1.56927 2.77928 0.184794 0.0069 -0.1894 0.9819 0.710152 0.147565 -0.931925 -0.35725 -0.0623616 -0.362589 0.914604 0.178967
359 -1.56377 2.7654 0.182078 0.0069 -0.1894 0.9819 0.710152 0.148687 -0.931926 -0.357246 -0.0623579 -0.362581 0.914607 0.178968
360 -1.49289 2.80729 0.111626 0.9319 0.3572 0.0623 0.702748 0.148687 0.00690759 -0.189423 0.981871 -0.362584 0.914559 0.179207
361 -1.49839 2.82116 0.114342 0.9319 0.3572 0.0624 0.702747 0.147565 0.00685794 -0.189417 0.981873 -0.362556 0.914532 0.179399
362 -1.51893 2.80289 0.166138 0.6638 0.1187 0.7384 0.707085 0.147565 -0.654115 -0.386541 0.650168 -0.362745 0.914518 0.179086
363 -1.49289 2.80729 0.111626 0.9319 0.3572 0.0623 0.702748 0.148687 0.00690759 -0.189423 0.981871 -0.362584 0.914559 0.179207
364 -1.51893 2.80289 0.166138 0.6638 0.1187 0.7384 0.707085 0.147565 -0.654115 -0.386541 0.650168 -0.362745 0.914518 0.179086
365 -1.51343 2.78901 0.163423 0.6638 0.1187 0.7384 0.707085 0.148687 -0.654117 -0.386542 0.650166 -0.362606 0.914601 0.178947
366 -1.51418 2.80953 0.05703 0.6541 0.3865 -0.6502 0.426901 0.831653 0.663841 0.118713 0.738391 -0.362552 0.914621 0.178953
367 -1.51968 2.82341 0.059746 0.6541 0.3865 -0.6502 0.426901 0.830531 0.663856 0.118679 0.738384 -0.36255 0.914621 0.178956
368 -1.49839 2.82116 0.114342 0.9319 0.3572 0.0624 0.429968 0.830531 0.00685794 -0.189417 0.981873 -0.362556 0.914532 0.179399
369 -1.51418 2.80953 0.05703 0.6541 0.3865 -0.6502 0.426901 0.831653 0.663841 0.118713 0.738391 -0.362552 0.914621 0.178953
370 -1.49839 2.82116 0.114342 0.9319 0.3572 0.0624 0.429968 0.830531 0.00685794 -0.189417 0.981873 -0.362556 0.914532 0.179399
371 -1.49289 2.80729 0.111626 0.9319 0.3573 0.0624 0.429968 0.831653 0.00690759 -0.189423 0.981871 -0.362584 0.914559 0.179207
372 -1.56482 2.79443 0.031617 -0.0069 0.1894 -0.9819 0.422563 0.831653 0.931928 0.357242 0.0623561 -0.362578 0.914608 0.178968
373 -1.57033 2.80831 0.034333 -0.0069 0.1894 -0.9819 0.422563 0.830531 0.931926 0.357246 0.0623708 -0.362616 0.914593 0.178965
374 -1.51968 2.82341 0.059746 0.6541 0.3865 -0.6502 0.426901 0.830531 0.663856 0.118679 0.738384 -0.36255 0.914621 0.178956
375 -1.56482 2.79443 0.031617 -0.0069 0.1894 -0.9819 0.422563 0.831653 0.931928 0.357242 0.0623561 -0.362578 0.914608 0.178968
376 -1.51968 2.82341 0.059746 0.6541 0.3865 -0.6502 0.426901 0.830531 0.663856 0.118679 0.738384 -0.36255 0.914621 0.178956
377 -1.51418 2.80953 0.05703 0.6541 0.3865 -0.6502 0.426901 0.831653 0.663841 0.118713 0.738391 -0.362552 0.914621 0.178953
378 -1.5705 2.81322 0.00883 -0.0069 0.1894 -0.9819 0.141381 0.904944 -0.362577 0.914608 0.178968 -0.931927 -0.357245 -0.0623506
379 -1.58312 2.84506 0.015059 -0.0069 0.1894 -0.9819 0.143955 0.904944 -0.362583 0.914606 0.178968 -0.931927 -0.357244 -0.0623605
380 -1.51531 2.86528 0.049087 0.6541 0.3865 -0.6502 0.143955 0.910751 -0.362554 0.914621 0.178952 -0.663852 -0.118693 -0.738385
381 -1.5705 2.81322 0.00883 -0.0069 0.1894 -0.9819 0.141381 0.904944 -0.362577 0.914608 0.178968 -0.931927 -0.357245 -0.0623506
382 -1.51531 2.86528 0.049087 0.6541 0.3865 -0.6502 0.143955 0.910751 -0.362554 0.914621 0.178952 -0.663852 -0.118693 -0.738385
383 -1.50269 2.83345 0.042858 0.6541 0.3866 -0.6502 0.141381 0.910751 -0.362614 0.914585 0.179011 -0.663845 -0.118682 -0.738393
384 -1.50269 2.83345 0.042858 0.6541 0.3866 -0.6502 0.754336 0.984992 -0.362614 0.914585 0.179011 -0.663845 -0.118682 -0.738393
385 -1.51531 2.86528 0.049087 0.6541 0.3865 -0.6502 0.75691 0.984992 -0.362554 0.914621 0.178952 -0.663852 -0.118693 -0.738385
386 -1.48681 2.86228 0.122191 0.9319 0.3572 0.0624 0.75691 0.989097 -0.362558 0.914614 0.178977 -0.00687115 0.189407 -0.981875
387 -1.50269 2.83345 0.042858 0.6541 0.3866 -0.6502 0.754336 0.984992 -0.362614 0.914585 0.179011 -0.663845 -0.118682 -0.738393
388 -1.48681 2.86228 0.122191 0.9319 0.3572 0.0624 0.75691 0.989097 -0.362558 0.914614 0.178977 -0.00687115 0.189407 -0.981875
389 -1.47419 2.83044 0.115962 0.9319 0.3572 0.0624 0.754336 0.989097 -0.362559 0.914614 0.178974 -0.00686019 0.189423 -0.981872
390 -1.47419 2.83044 0.115962 0.9319 0.3572 0.0624 0.754336 0.989097 -0.362559 0.914614 0.178974 -0.00686019 0.189423 -0.981872
391 -1.48681 2.86228 0.122191 0.9319 0.3572 0.0624 0.75691 0.989097 -0.362558 0.914614 0.178977 -0.00687115 0.189407 -0.981875
392 -1.51431 2.8378 0.191546 0.6639 0.1187 0.7384 0.75691 0.994904 -0.362577 0.914608 0.178969 0.654082 0.386541 -0.650202
393 -1.47419 2.83044 0.115962 0.9319 0.3572 0.0624 0.754336 0.989097 -0.362559 0.914614 0.178974 -0.00686019 0.189423 -0.981872
394 -1.51431 2.8378 0.191546 0.6639 0.1187 0.7384 0.75691 0.994904 -0.362577 0.914608 0.178969 0.654082 0.386541 -0.650202
395 -1.50169 2.80597 0.185317 0.6639 0.1187 0.7384 0.754336 0.994904 -0.36258 0.914606 0.178972 0.654071 0.386537 -0.650216
396 -1.50169 2.80597 0.185317 0.6639 0.1187 0.7384 0.754336 0.994904 -0.36258 0.914606 0.178972 0.654071 0.386537 -0.650216
397 -1.51431 2.8378 0.191546 0.6639 0.1187 0.7384 0.75691 0.994904 -0.362577 0.914608 0.178969 0.654082 0.386541 -0.650202
398 -1.58171 2.80619 0.216526 0.0069 -0.1894 0.9819 0.75691 0.99901 -0.36258 0.914607 0.178968 0.931925 0.357247 0.0623711
399 -1.50169 2.80597 0.185317 0.6639 0.1187 0.7384 0.754336 0.994904 -0.36258 0.914606 0.178972 0.654071 0.386537 -0.650216
400 -1.58171 2.80619 0.216526 0.0069 -0.1894 0.9819 0.75691 0.99901 -0.36258 0.914607 0.178968 0.931925 0.357247 0.0623711
401 -1.56909 2.77436 0.210297 0.0069 -0.1894 0.9819 0.754336 0.99901 -0.362585 0.914605 0.178967 0.931929 0.35724 0.0623597
402 -1.56909 2.77436 0.210297 0.0069 -0.1894 0.9819 0.801516 0.409961 -0.362585 0.914605 0.178967 0.931929 0.35724 0.0623597
403 -1.58171 2.80619 0.216526 0.0069 -0.1894 0.9819 0.80409 0.409961 -0.36258 0.914607 0.178968 0.931925 0.357247 0.0623711
404 -1.64952 2.78597 0.182498 -0.6541 -0.3866 0.6502 0.80409 0.415768 -0.362636 0.914573 0.17903 0.663843 0.118675 0.738396
405 -1.56909 2.77436 0.210297 0.0069 -0.1894 0.9819 0.801516 0.409961 -0.362585 0.914605 0.178967 0.931929 0.35724 0.0623597
406 -1.64952 2.78597 0.182498 -0.6541 -0.3866 0.6502 0.80409 0.415768 -0.362636 0.914573 0.17903 0.663843 0.118675 0.738396
407 -1.6369 2.75414 0.176269 -0.6541 -0.3865 0.6502 0.801516 0.415768 -0.362555 0.91462 0.17895 0.663854 0.118684 0.738385
408 -1.6369 2.75414 0.176269 -0.6541 -0.3865 0.6502 0.297381 0.908674 -0.362555 0.91462 0.17895 0.663854 0.118684 0.738385
409 -1.64952 2.78597 0.182498 -0.654 -0.3867 0.6502 0.299955 0.908674 -0.362636 0.914573 0.17903 0.663843 0.118675 0.738396
410 -1.67802 2.78897 0.109395 -0.9319 -0.3572 -0.0624 0.299955 0.912779 -0.362558 0.914613 0.178981 0.00686969 -0.189404 0.981875
411 -1.6369 2.75414 0.176269 -0.6541 -0.3865 0.6502 0.297381 0.908674 -0.362555 0.91462 0.17895 0.663854 0.118684 0.738385
412 -1.67802 2.78897 0.109395 -0.9319 -0.3572 -0.0624 0.299955 0.912779 -0.362558 0.914613 0.178981 0.00686969 -0.189404 0.981875
413 -1.66541 2.75714 0.103166 -0.9319 -0.3572 -0.0624 0.297381 0.912779 -0.362558 0.914613 0.178981 0.0068576 -0.189416 0.981873
414 -1.66541 2.75714 0.103166 -0.9319 -0.3572 -0.0624 0.297381 0.912779 -0.362558 0.914613 0.178981 0.0068576 -0.189416 0.981873
415 -1.67802 2.78897 0.109395 -0.9319 -0.3572 -0.0624 0.299955 0.912779 -0.362558 0.914613 0.178981 0.00686969 -0.189404 0.981875
416 -1.65052 2.81345 0.040039 -0.6638 -0.1187 -0.7384 0.299955 0.918586 -0.36261 0.914596 0.178964 -0.654083 -0.386551 0.650195
417 -1.66541 2.75714 0.103166 -0.9319 -0.3572 -0.0624 0.297381 0.912779 -0.362558 0.914613 0.178981 0.0068576 -0.189416 0.981873
418 -1.65052 2.81345 0.040039 -0.6638 -0.1187 -0.7384 0.299955 0.918586 -0.36261 0.914596 0.178964 -0.654083 -0.386551 0.650195
419 -1.6379 2.78162 0.03381 -0.6638 -0.1187 -0.7384 0.297381 0.918586 -0.362604 0.914597 0.178971 -0.654072 -0.386542 0.650211
420 -1.6379 2.78162 0.03381 -0.6639 -0.1187 -0.7384 0.141381 0.900838 -0.362604 0.914597 0.178971 -0.654072 -0.386542 0.650211
421 -1.65052 2.81345 0.040039 -0.6639 -0.1187 -0.7384 0.143955 0.900838 -0.36261 0.914596 0.178964 -0.654083 -0.386551 0.650195
422 -1.58312 2.84506 0.015059 -0.0069 0.1894 -0.9819 0.143955 0.904944 -0.362583 0.914606 0.178968 -0.931927 -0.357244 -0.0623605
423 -1.6379 2.78162 0.03381 -0.6639 -0.1187 -0.7384 0.141381 0.900838 -0.362604 0.914597 0.178971 -0.654072 -0.386542 0.650211
424 -1.58312 2.84506 0.015059 -0.0069 0.1894 -0.9819 0.143955 0.904944 -0.362583 0.914606 0.178968 -0.931927 -0.357244 -0.0623605
425 -1.5705 2.81322 0.00883 -0.0069 0.1894 -0.9819 0.141381 0.904944 -0.362577 0.914608 0.178968 -0.931927 -0.357245 -0.0623506
426 -1.62815 2.7986 0.161255 -0.6541 -0.3864 0.6502 0.071677 0.884345 0.362515 -0.914646 -0.178901 -0.663864 -0.118728 -0.738368
427 -1.58193 2.81238 0.184447 0.0069 -0.1894 0.9819 0.071677 0.888302 0.36259 -0.914603 -0.178967 -0.931927 -0.357248 -0.0623411
428 -1.59468 2.84453 0.190738 0.0069 -0.1894 0.9819 0.069078 0.888302 0.362591 -0.914603 -0.178967 -0.931928 -0.357246 -0.0623408
429 -1.62815 2.7986 0.161255 -0.6541 -0.3864 0.6502 0.071677 0.884345 0.362515 -0.914646 -0.178901 -0.663864 -0.118728 -0.738368
430 -1.59468 2.84453 0.190738 0.0069 -0.1894 0.9819 0.069078 0.888302 0.362591 -0.914603 -0.178967 -0.931928 -0.357246 -0.0623408
431 -1.6409 2.83074 0.167546 -0.6541 -0.3866 0.6502 0.069078 0.884345 0.362618 -0.914585 -0.179007 -0.663846 -0.118679 -0.738393
432 -1.536 2.83392 0.167422 0.6638 0.1187 0.7384 0.924826 0.462236 -0.362607 0.9146 0.178948 0.654104 0.386553 -0.650173
433 -1.51725 2.8506 0.120153 0.9319 0.3573 0.0624 0.924826 0.458278 -0.362644 0.914581 0.178974 -0.00687733 0.189415 -0.981873
434 -1.53 2.88275 0.126444 0.9319 0.3572 0.0623 0.927426 0.458278 -0.362546 0.914618 0.17898 -0.00691446 0.189414 -0.981873
435 -1.536 2.83392 0.167422 0.6638 0.1187 0.7384 0.924826 0.462236 -0.362607 0.9146 0.178948 0.654104 0.386553 -0.650173
436 -1.53 2.88275 0.126444 0.9319 0.3572 0.0623 0.927426 0.458278 -0.362546 0.914618 0.17898 -0.00691446 0.189414 -0.981873
437 -1.54874 2.86607 0.173713 0.6638 0.1187 0.7384 0.927426 0.462236 -0.362612 0.914597 0.178953 0.654115 0.386544 -0.650168
438 -1.53668 2.85265 0.07033 0.6541 0.3865 -0.6502 0.885376 0.413154 -0.362553 0.914621 0.178953 -0.663851 -0.118696 -0.738386
439 -1.5829 2.83887 0.047138 -0.0069 0.1894 -0.9819 0.885376 0.409196 -0.362567 0.914612 0.178969 -0.931929 -0.35724 -0.0623596
440 -1.59564 2.87102 0.053429 -0.0069 0.1894 -0.9819 0.887976 0.409196 -0.362572 0.91461 0.178968 -0.931927 -0.357247 -0.062351
441 -1.53668 2.85265 0.07033 0.6541 0.3865 -0.6502 0.885376 0.413154 -0.362553 0.914621 0.178953 -0.663851 -0.118696 -0.738386
442 -1.59564 2.87102 0.053429 -0.0069 0.1894 -0.9819 0.887976 0.409196 -0.362572 0.91461 0.178968 -0.931927 -0.357247 -0.062351
443 -1.54943 2.8848 0.076621 0.6541 0.3865 -0.6502 0.887976 0.413154 -0.362557 0.91462 0.178948 -0.663852 -0.118688 -0.738386
444 -1.5829 2.83887 0.047138 -0.0069 0.1894 -0.9819 0.885376 0.409196 -0.362567 0.914612 0.178969 -0.931929 -0.35724 -0.0623596
445 -1.62883 2.81733 0.064163 -0.6639 -0.1187 -0.7384 0.885376 0.406398 -0.362583 0.914604 0.178975 -0.654056 -0.386508 0.650247
446 -1.64158 2.84947 0.070454 -0.6639 -0.1187 -0.7384 0.887976 0.406398 -0.36258 0.914606 0.178973 -0.654054 -0.386515 0.650246
447 -1.5829 2.83887 0.047138 -0.0069 0.1894 -0.9819 0.885376 0.409196 -0.362567 0.914612 0.178969 -0.931929 -0.35724 -0.0623596
448 -1.64158 2.84947 0.070454 -0.6639 -0.1187 -0.7384 0.887976 0.406398 -0.36258 0.914606 0.178973 -0.654054 -0.386515 0.650246
449 -1.59564 2.87102 0.053429 -0.0069 0.1894 -0.9819 0.887976 0.409196 -0.362572 0.91461 0.178968 -0.931927 -0.357247 -0.062351
450 -1.64758 2.80064 0.111432 -0.9319 -0.3572 -0.0624 0.928956 0.585872 0.362558 -0.914613 -0.178983 -0.00686129 0.189425 -0.981871
451 -1.62815 2.7986 0.161255 -0.6541 -0.3865 0.6502 0.928956 0.58867 0.362515 -0.914646 -0.178901 -0.663864 -0.118728 -0.738368
452 -1.6409 2.83074 0.167546 -0.6541 -0.3866 0.6502 0.926356 0.58867 0.362618 -0.914585 -0.179007 -0.663846 -0.118679 -0.738393
453 -1.64758 2.80064 0.111432 -0.9319 -0.3572 -0.0624 0.928956 0.585872 0.362558 -0.914613 -0.178983 -0.00686129 0.189425 -0.981871
454 -1.6409 2.83074 0.167546 -0.6541 -0.3866 0.6502 0.926356 0.58867 0.362618 -0.914585 -0.179007 -0.663846 -0.118679 -0.738393
455 -1.66032 2.83279 0.117723 -0.9319 -0.3572 -0.0624 0.926356 0.585872 0.362558 -0.914613 -0.178984 -0.00684864 0.189437 -0.981869
456 -1.58193 2.81238 0.184447 0.0069 -0.1894 0.9819 0.924826 0.465034 -0.362591 0.914603 0.178967 0.931925 0.357246 0.062381
457 -1.536 2.83392 0.167422 0.6638 0.1187 0.7384 0.924826 0.462236 -0.362607 0.9146 0.178948 0.654104 0.386553 -0.650173
458 -1.54874 2.86607 0.173713 0.6638 0.1187 0.7384 0.927426 0.462236 -0.362612 0.914597 0.178953 0.654115 0.386544 -0.650168
459 -1.58193 2.81238 0.184447 0.0069 -0.1894 0.9819 0.924826 0.465034 -0.362591 0.914603 0.178967 0.931925 0.357246 0.062381
460 -1.54874 2.86607 0.173713 0.6638 0.1187 0.7384 0.927426 0.462236 -0.362612 0.914597 0.178953 0.654115 0.386544 -0.650168
461 -1.59468 2.84453 0.190738 0.0069 -0.1894 0.9819 0.927426 0.465034 -0.36259 0.914603 0.178967 0.931923 0.35725 0.0623816
462 -1.51725 2.8506 0.120153 0.9319 0.3573 0.0624 0.885376 0.415952 -0.362644 0.914581 0.178974 -0.00687733 0.189415 -0.981873
463 -1.53668 2.85265 0.07033 0.6541 0.3865 -0.6502 0.885376 0.413154 -0.362553 0.914621 0.178953 -0.663851 -0.118696 -0.738386
464 -1.54943 2.8848 0.076621 0.6541 0.3865 -0.6502 0.887976 0.413154 -0.362557 0.91462 0.178948 -0.663852 -0.118688 -0.738386
465 -1.51725 2.8506 0.120153 0.9319 0.3573 0.0624 0.885376 0.415952 -0.362644 0.914581 0.178974 -0.00687733 0.189415 -0.981873
466 -1.54943 2.8848 0.076621 0.6541 0.3865 -0.6502 0.887976 0.413154 -0.362557 0.91462 0.178948 -0.663852 -0.118688 -0.738386
467 -1.53 2.88275 0.126444 0.9319 0.3572 0.0624 0.887976 0.415952 -0.362546 0.914618 0.17898 -0.00691446 0.189414 -0.981873
468 -1.25888 2.16553 -0.068991 0.6541 0.3865 -0.6502 0.426901 0.883721 0.663831 0.118737 0.738397 -0.362555 0.91462 0.17895
469 -1.51418 2.80953 0.05703 0.6541 0.3865 -0.6502 0.426901 0.831653 0.663841 0.118713 0.738391 -0.362552 0.914621 0.178953
470 -1.49289 2.80729 0.111626 0.9319 0.3573 0.0624 0.429968 0.831653 0.00690759 -0.189423 0.981871 -0.362584 0.914559 0.179207
471 -1.25888 2.16553 -0.068991 0.6541 0.3865 -0.6502 0.426901 0.883721 0.663831 0.118737 0.738397 -0.362555 0.91462 0.17895
472 -1.49289 2.80729 0.111626 0.9319 0.3573 0.0624 0.429968 0.831653 0.00690759 -0.189423 0.981871 -0.362584 0.914559 0.179207
473 -1.23759 2.16329 -0.014395 0.9319 0.3573 0.0624 0.429968 0.883721 0.00687821 -0.189417 0.981873 -0.362644 0.914581 0.178972
474 0.137933 -1.50075 -0.808891 -0.0069 0.1894 -0.9819 0.888076 0.565258 0.93193 0.35724 0.0623396 -0.362581 0.914607 0.178968
475 -1.29743 2.11993 -0.100373 -0.0069 0.1894 -0.9819 0.888076 0.272522 0.931931 0.357238 0.0623392 -0.362581 0.914607 0.178968
476 -1.24678 2.13503 -0.07496 0.6541 0.3865 -0.6502 0.892413 0.272522 0.663855 0.118686 0.738384 -0.362555 0.91462 0.17895
477 0.137933 -1.50075 -0.808891 -0.0069 0.1894 -0.9819 0.888076 0.565258 0.93193 0.35724 0.0623396 -0.362581 0.914607 0.178968
478 -1.24678 2.13503 -0.07496 0.6541 0.3865 -0.6502 0.892413 0.272522 0.663855 0.118686 0.738384 -0.362555 0.91462 0.17895
479 0.188577 -1.48565 -0.783478 0.6541 0.3865 -0.6502 0.892413 0.565258 0.663854 0.118682 0.738385 -0.362555 0.91462 0.17895
480 -1.23759 2.16329 -0.014395 0.9319 0.3573 0.0624 0.702748 0.200755 0.00687821 -0.189417 0.981873 -0.362644 0.914581 0.178972
481 -1.49289 2.80729 0.111626 0.9319 0.3572 0.0623 0.702748 0.148687 0.00690759 -0.189423 0.981871 -0.362584 0.914559 0.179207
482 -1.51343 2.78901 0.163423 0.6638 0.1187 0.7384 0.707085 0.148687 -0.654117 -0.386542 0.650166 -0.362606 0.914601 0.178947
483 -1.23759 2.16329 -0.014395 0.9319 0.3573 0.0624 0.702748 0.200755 0.00687821 -0.189417 0.981873 -0.362644 0.914581 0.178972
484 -1.51343 2.78901 0.163423 0.6638 0.1187 0.7384 0.707085 0.148687 -0.654117 -0.386542 0.650166 -0.362606 0.914601 0.178947
485 -1.25813 2.14501 0.037401 0.6638 0.1187 0.7384 0.707085 0.200755 -0.654114 -0.386545 0.650168 -0.362607 0.914601 0.178948
486 -1.25813 2.14501 0.037401 0.6638 0.1187 0.7384 0.707085 0.200755 -0.654114 -0.386545 0.650168 -0.362607 0.914601 0.178948
487 -1.51343 2.78901 0.163423 0.6638 0.1187 0.7384 0.707085 0.148687 -0.654117 -0.386542 0.650166 -0.362606 0.914601 0.178947
488 -1.56377 2.7654 0.182078 0.0069 -0.1894 0.9819 0.710152 0.148687 -0.931926 -0.357246 -0.0623579 -0.362581 0.914607 0.178968
489 -1.25813 2.14501 0.037401 0.6638 0.1187 0.7384 0.707085 0.200755 -0.654114 -0.386545 0.650168 -0.362607 0.914601 0.178948
490 -1.56377 2.7654 0.182078 0.0069 -0.1894 0.9819 0.710152 0.148687 -0.931926 -0.357246 -0.0623579 -0.362581 0.914607 0.178968
491 -1.30846 2.12141 0.056057 0.0069 -0.1894 0.9819 0.710152 0.200755 -0.931929 -0.357239 -0.0623594 -0.362581 0.914607 0.178968
492 -1.30846 2.12141 0.056057 0.0069 -0.1894 0.9819 0.731136 0.902395 -0.931929 -0.357239 -0.0623594 -0.362581 0.914607 0.178968
493 -1.56377 2.7654 0.182078 0.0069 -0.1894 0.9819 0.731136 0.850328 -0.931926 -0.357246 -0.0623579 -0.362581 0.914607 0.178968
494 -1.61441 2.7503 0.156665 -0.6541 -0.3865 0.6502 0.735473 0.850328 -0.663851 -0.1187 -0.738385 -0.362557 0.91462 0.178948
495 -1.30846 2.12141 0.056057 0.0069 -0.1894 0.9819 0.731136 0.902395 -0.931929 -0.357239 -0.0623594 -0.362581 0.914607 0.178968
496 -1.61441 2.7503 0.156665 -0.6541 -0.3865 0.6502 0.735473 0.850328 -0.663851 -0.1187 -0.738385 -0.362557 0.91462 0.178948
497 -1.35911 2.1063 0.030644 -0.6541 -0.3865 0.6502 0.735473 0.902395 -0.663851 -0.1187 -0.738385 -0.362555 0.91462 0.17895
498 -1.35911 2.1063 0.030644 -0.6541 -0.3865 0.6502 0.986217 0.856049 0.663856 0.11867 0.738385 0.362555 -0.91462 -0.17895
499 -1.61441 2.7503 0.156665 -0.6541 -0.3866 0.6502 0.986217 0.908117 0.663858 0.118703 0.738378 0.362623 -0.914584 -0.179001
500 -1.6357 2.75254 0.10207 -0.9319 -0.3573 -0.0624 0.98315 0.908117 0.00687453 -0.189408 0.981874 0.362644 -0.914586 -0.178949
501 -1.35911 2.1063 0.030644 -0.6541 -0.3865 0.6502 0.986217 0.856049 0.663856 0.11867 0.738385 0.362555 -0.91462 -0.17895
502 -1.6357 2.75254 0.10207 -0.9319 -0.3573 -0.0624 0.98315 0.908117 0.00687453 -0.189408 0.981874 0.362644 -0.914586 -0.178949
503 -1.3804 2.10855 -0.023952 -0.9319 -0.3572 -0.0624 0.98315 0.856049 0.00685926 -0.18942 0.981872 0.362558 -0.914614 -0.178978
504 -1.3804 2.10855 -0.023952 -0.9319 -0.3572 -0.0624 0.98315 0.856049 0.00685926 -0.18942 0.981872 0.362558 -0.914614 -0.178978
505 -1.6357 2.75254 0.10207 -0.9319 -0.3573 -0.0624 0.98315 0.908117 0.00687453 -0.189408 0.981874 0.362644 -0.914586 -0.178949
506 -1.61516 2.77082 0.050273 -0.6638 -0.1187 -0.7384 0.978812 0.908117 -0.654103 -0.386554 0.650174 0.362624 -0.91459 -0.178965
507 -1.3804 2.10855 -0.023952 -0.9319 -0.3572 -0.0624 0.98315 0.856049 0.00685926 -0.18942 0.981872 0.362558 -0.914614 -0.178978
508 -1.61516 2.77082 0.050273 -0.6638 -0.1187 -0.7384 0.978812 0.908117 -0.654103 -0.386554 0.650174 0.362624 -0.91459 -0.178965
509 -1.35986 2.12683 -0.075748 -0.6639 -0.1187 -0.7384 0.978812 0.856049 -0.654071 -0.386536 0.650216 0.362582 -0.914605 -0.178974
510 -1.35986 2.12683 -0.075748 -0.6639 -0.1187 -0.7384 0.978812 0.856049 -0.654071 -0.386536 0.650216 0.362582 -0.914605 -0.178974
511 -1.61516 2.77082 0.050273 -0.6638 -0.1187 -0.7384 0.978812 0.908117 -0.654103 -0.386554 0.650174 0.362624 -0.91459 -0.178965
512 -1.56482 2.79443 0.031617 -0.0069 0.1894 -0.9819 0.975745 0.908117 -0.931928 -0.357237 -0.0623792 0.362581 -0.914607 -0.178968
513 -1.35986 2.12683 -0.075748 -0.6639 -0.1187 -0.7384 0.978812 0.856049 -0.654071 -0.386536 0.650216 0.362582 -0.914605 -0.178974
514 -1.56482 2.79443 0.031617 -0.0069 0.1894 -0.9819 0.975745 0.908117 -0.931928 -0.357237 -0.0623792 0.362581 -0.914607 -0.178968
515 -1.30952 2.15043 -0.094404 -0.0069 0.1894 -0.9819 0.975745 0.856049 -0.931928 -0.357238 -0.0623793 0.362581 -0.914607 -0.178968
516 0.209865 -1.48789 -0.728882 0.9319 0.3573 0.0624 0.897664 0.596273 -0.00686252 0.189383 -0.981879 0.362644 -0.914581 -0.178972
517 -1.2255 2.13279 -0.020364 0.9319 0.3572 0.0623 0.897664 0.889009 -0.00691812 0.189403 -0.981875 0.362542 -0.91462 -0.178978
518 -1.24604 2.11451 0.031432 0.6638 0.1187 0.7384 0.893326 0.889009 0.654109 0.386542 -0.650175 0.362606 -0.914601 -0.178948
519 0.209865 -1.48789 -0.728882 0.9319 0.3573 0.0624 0.897664 0.596273 -0.00686252 0.189383 -0.981879 0.362644 -0.914581 -0.178972
520 -1.24604 2.11451 0.031432 0.6638 0.1187 0.7384 0.893326 0.889009 0.654109 0.386542 -0.650175 0.362606 -0.914601 -0.178948
521 0.189325 -1.50617 -0.677086 0.6639 0.1187 0.7384 0.893326 0.596273 0.654072 0.386534 -0.650216 0.362582 -0.914605 -0.178974
522 -1.30952 2.15043 -0.094404 -0.0069 0.1894 -0.9819 0.422563 0.88372 0.931897 0.357323 0.0623559 -0.362581 0.914607 0.178968
523 -1.56482 2.79443 0.031617 -0.0069 0.1894 -0.9819 0.422563 0.831653 0.931928 0.357242 0.0623561 -0.362578 0.914608 0.178968
524 -1.51418 2.80953 0.05703 0.6541 0.3865 -0.6502 0.426901 0.831653 0.663841 0.118713 0.738391 -0.362552 0.914621 0.178953
525 -1.30952 2.15043 -0.094404 -0.0069 0.1894 -0.9819 0.422563 0.88372 0.931897 0.357323 0.0623559 -0.362581 0.914607 0.178968
526 -1.51418 2.80953 0.05703 0.6541 0.3865 -0.6502 0.426901 0.831653 0.663841 0.118713 0.738391 -0.362552 0.914621 0.178953
527 -1.25888 2.16553 -0.068991 0.6541 0.3865 -0.6502 0.426901 0.883721 0.663831 0.118737 0.738397 -0.362555 0.91462 0.17895
528 0.189325 -1.50617 -0.677086 0.6639 0.1187 0.7384 0.893326 0.596273 0.654072 0.386534 -0.650216 0.362582 -0.914605 -0.178974
529 -1.24604 2.11451 0.031432 0.6638 0.1187 0.7384 0.893326 0.889009 0.654109 0.386542 -0.650175 0.362606 -0.914601 -0.178948
530 -1.29637 2.0909 0.050088 0.0069 -0.1894 0.9819 0.890259 0.889009 0.931929 0.357235 0.0623787 0.362581 -0.914607 -0.178968
531 0.189325 -1.50617 -0.677086 0.6639 0.1187 0.7384 0.893326 0.596273 0.654072 0.386534 -0.650216 0.362582 -0.914605 -0.178974
532 -1.29637 2.0909 0.050088 0.0069 -0.1894 0.9819 0.890259 0.889009 0.931929 0.357235 0.0623787 0.362581 -0.914607 -0.178968
533 0.13899 -1.52978 -0.65843 0.0068 -0.1893 0.9819 0.890259 0.596273 0.931908 0.357282 0.06243 0.362582 -0.914631 -0.178842
534 0.13899 -1.52978 -0.65843 0.0069 -0.1894 0.9819 0.882707 0.889009 -0.931926 -0.35725 -0.0623415 -0.362583 0.914606 0.178968
535 -1.29637 2.0909 0.050088 0.0069 -0.1894 0.9819 0.882706 0.596273 -0.931924 -0.357256 -0.0623427 -0.362584 0.914606 0.178967
536 -1.34702 2.0758 0.024675 -0.6541 -0.3865 0.6502 0.887044 0.596273 -0.663852 -0.118692 -0.738385 -0.362556 0.91462 0.178949
537 0.13899 -1.52978 -0.65843 0.0069 -0.1894 0.9819 0.882707 0.889009 -0.931926 -0.35725 -0.0623415 -0.362583 0.914606 0.178968
538 -1.34702 2.0758 0.024675 -0.6541 -0.3865 0.6502 0.887044 0.596273 -0.663852 -0.118692 -0.738385 -0.362556 0.91462 0.178949
539 0.088345 -1.54488 -0.683843 -0.6541 -0.3865 0.6502 0.887044 0.889009 -0.663855 -0.118679 -0.738384 -0.362555 0.91462 0.17895
540 0.088345 -1.54488 -0.683843 -0.6541 -0.3865 0.6502 0.887044 0.889009 -0.663855 -0.118679 -0.738384 -0.362555 0.91462 0.17895
541 -1.34702 2.0758 0.024675 -0.6541 -0.3865 0.6502 0.887044 0.596273 -0.663852 -0.118692 -0.738385 -0.362556 0.91462 0.178949
542 -1.3683 2.07804 -0.029921 -0.9319 -0.3573 -0.0624 0.890111 0.596273 -0.00688992 0.189441 -0.981868 -0.362644 0.914581 0.178972
543 0.088345 -1.54488 -0.683843 -0.6541 -0.3865 0.6502 0.887044 0.889009 -0.663855 -0.118679 -0.738384 -0.362555 0.91462 0.17895
544 -1.3683 2.07804 -0.029921 -0.9319 -0.3573 -0.0624 0.890111 0.596273 -0.00688992 0.189441 -0.981868 -0.362644 0.914581 0.178972
545 0.067058 -1.54264 -0.738439 -0.9319 -0.3572 -0.0624 0.890111 0.889009 -0.00688016 0.189387 -0.981878 -0.362558 0.914614 0.178977
546 0.067058 -1.54264 -0.738439 -0.9319 -0.3572 -0.0623 0.681661 0.59237 0.00692304 -0.189415 0.981873 0.362542 -0.91462 -0.178978
547 -1.3683 2.07804 -0.029921 -0.9319 -0.3574 -0.0624 0.681661 0.885106 0.00689443 -0.189332 0.981889 0.362729 -0.914549 -0.178966
548 -1.34776 2.09632 -0.081717 -0.6639 -0.1187 -0.7384 0.677324 0.885106 -0.654082 -0.386542 0.650202 0.362582 -0.914605 -0.178974
549 0.067058 -1.54264 -0.738439 -0.9319 -0.3572 -0.0623 0.681661 0.59237 0.00692304 -0.189415 0.981873 0.362542 -0.91462 -0.178978
550 -1.34776 2.09632 -0.081717 -0.6639 -0.1187 -0.7384 0.677324 0.885106 -0.654082 -0.386542 0.650202 0.362582 -0.914605 -0.178974
551 0.087597 -1.52436 -0.790235 -0.6639 -0.1187 -0.7384 0.677324 0.59237 -0.654069 -0.386542 0.650215 0.362582 -0.914605 -0.178974
552 0.087597 -1.52436 -0.790235 -0.6639 -0.1187 -0.7384 0.677324 0.59237 -0.654069 -0.386542 0.650215 0.362582 -0.914605 -0.178974
553 -1.34776 2.09632 -0.081717 -0.6639 -0.1187 -0.7384 0.677324 0.885106 -0.654082 -0.386542 0.650202 0.362582 -0.914605 -0.178974
554 -1.29743 2.11993 -0.100373 -0.0069 0.1894 -0.9819 0.674256 0.885106 -0.931924 -0.357249 -0.0623815 0.362581 -0.914607 -0.178968
555 0.087597 -1.52436 -0.790235 -0.6639 -0.1187 -0.7384 0.677324 0.59237 -0.654069 -0.386542 0.650215 0.362582 -0.914605 -0.178974
556 -1.29743 2.11993 -0.100373 -0.0069 0.1894 -0.9819 0.674256 0.885106 -0.931924 -0.357249 -0.0623815 0.362581 -0.914607 -0.178968
557 0.137933 -1.50075 -0.808891 -0.0069 0.1894 -0.9819 0.674256 0.59237 -0.931929 -0.357236 -0.0623789 0.362581 -0.914607 -0.178968
558 -1.30976 2.15707 -0.128839 -0.0069 0.1894 -0.9819 0.997051 0.718305 0.362574 -0.91461 -0.178968 0.931928 0.357242 0.0623501
559 -1.23594 2.17909 -0.091793 0.6541 0.3865 -0.6502 0.997051 0.711983 0.362552 -0.914621 -0.178954 0.663856 0.118679 0.738384
560 -1.22385 2.14859 -0.097762 0.6541 0.3865 -0.6502 0.999518 0.711983 0.362551 -0.914621 -0.178955 0.663854 0.118688 0.738384
561 -1.30976 2.15707 -0.128839 -0.0069 0.1894 -0.9819 0.997051 0.718305 0.362574 -0.91461 -0.178968 0.931928 0.357242 0.0623501
562 -1.22385 2.14859 -0.097762 0.6541 0.3865 -0.6502 0.999518 0.711983 0.362551 -0.914621 -0.178955 0.663854 0.118688 0.738384
563 -1.29767 2.12657 -0.134808 -0.0069 0.1894 -0.9819 0.999518 0.718305 0.362569 -0.914611 -0.178968 0.931926 0.357247 0.0623611
564 0.188577 -1.48565 -0.783478 0.6541 0.3865 -0.6502 0.892413 0.565258 0.663854 0.118682 0.738385 -0.362555 0.91462 0.17895
565 -1.24678 2.13503 -0.07496 0.6541 0.3865 -0.6502 0.892413 0.272522 0.663855 0.118686 0.738384 -0.362555 0.91462 0.17895
566 -1.2255 2.13279 -0.020364 0.9319 0.3572 0.0624 0.89548 0.272522 0.00688524 -0.1894 0.981876 -0.362558 0.914614 0.178977
567 0.188577 -1.48565 -0.783478 0.6541 0.3865 -0.6502 0.892413 0.565258 0.663854 0.118682 0.738385 -0.362555 0.91462 0.17895
568 -1.2255 2.13279 -0.020364 0.9319 0.3572 0.0624 0.89548 0.272522 0.00688524 -0.1894 0.981876 -0.362558 0.914614 0.178977
569 0.209865 -1.48789 -0.728882 0.9319 0.3574 0.0624 0.89548 0.565258 0.00689024 -0.18947 0.981862 -0.362729 0.914549 0.178966
570 -1.23594 2.17909 -0.091793 0.6541 0.3865 -0.6502 0.997051 0.711983 0.362552 -0.914621 -0.178954 0.663856 0.118679 0.738384
571 -1.20491 2.17582 -0.012208 0.9319 0.3572 0.0624 0.997051 0.707514 0.362558 -0.914613 -0.178983 0.00688558 -0.189401 0.981876
572 -1.19281 2.14532 -0.018177 0.9319 0.3573 0.0624 0.999518 0.707514 0.362644 -0.91458 -0.178977 0.006889 -0.189438 0.981868
573 -1.23594 2.17909 -0.091793 0.6541 0.3865 -0.6502 0.997051 0.711983 0.362552 -0.914621 -0.178954 0.663856 0.118679 0.738384
574 -1.19281 2.14532 -0.018177 0.9319 0.3573 0.0624 0.999518 0.707514 0.362644 -0.91458 -0.178977 0.006889 -0.189438 0.981868
575 -1.22385 2.14859 -0.097762 0.6541 0.3865 -0.6502 0.999518 0.711983 0.362551 -0.914621 -0.178955 0.663854 0.118688 0.738384
576 -1.20491 2.17582 -0.012208 0.9319 0.3572 0.0624 0.735492 0.903035 -0.362558 0.914614 0.178979 -0.00683078 0.189435 -0.98187
577 -1.23485 2.14917 0.063297 0.6639 0.1187 0.7384 0.735492 0.909356 -0.362579 0.914607 0.178972 0.654073 0.386531 -0.650217
578 -1.22275 2.11867 0.057328 0.6639 0.1187 0.7384 0.733025 0.909356 -0.362578 0.914607 0.178971 0.654085 0.386534 -0.650204
579 -1.20491 2.17582 -0.012208 0.9319 0.3572 0.0624 0.735492 0.903035 -0.362558 0.914614 0.178979 -0.00683078 0.189435 -0.98187
580 -1.22275 2.11867 0.057328 0.6639 0.1187 0.7384 0.733025 0.909356 -0.362578 0.914607 0.178971 0.654085 0.386534 -0.650204
581 -1.19281 2.14532 -0.018177 0.9319 0.3573 0.0624 0.733025 0.903035 -0.362644 0.91458 0.178978 -0.0068656 0.189391 -0.981878
582 -1.23485 2.14917 0.063297 0.6639 0.1187 0.7384 0.735492 0.909356 -0.362579 0.914607 0.178972 0.654073 0.386531 -0.650217
583 -1.30822 2.11476 0.090492 0.0069 -0.1894 0.9819 0.735492 0.913826 -0.36259 0.914603 0.178967 0.931927 0.357244 0.0623604
584 -1.29613 2.08426 0.084523 0.0069 -0.1894 0.9819 0.733025 0.913826 -0.36259 0.914603 0.178967 0.931926 0.357244 0.0623705
585 -1.23485 2.14917 0.063297 0.6639 0.1187 0.7384 0.735492 0.909356 -0.362579 0.914607 0.178972 0.654073 0.386531 -0.650217
586 -1.29613 2.08426 0.084523 0.0069 -0.1894 0.9819 0.733025 0.913826 -0.36259 0.914603 0.178967 0.931926 0.357244 0.0623705
587 -1.22275 2.11867 0.057328 0.6639 0.1187 0.7384 0.733025 0.909356 -0.362578 0.914607 0.178971 0.654085 0.386534 -0.650204
588 -1.30822 2.11476 0.090492 0.0069 -0.1894 0.9819 0.939715 0.458274 -0.36259 0.914603 0.178967 0.931927 0.357244 0.0623604
589 -1.38205 2.09275 0.053447 -0.6541 -0.3866 0.6502 0.939715 0.464595 -0.362595 0.914589 0.179032 0.663836 0.118648 0.738407
590 -1.36996 2.06224 0.047477 -0.6541 -0.3865 0.6502 0.937248 0.464595 -0.362545 0.914622 0.178962 0.663851 0.118699 0.738385
591 -1.30822 2.11476 0.090492 0.0069 -0.1894 0.9819 0.939715 0.458274 -0.36259 0.914603 0.178967 0.931927 0.357244 0.0623604
592 -1.36996 2.06224 0.047477 -0.6541 -0.3865 0.6502 0.937248 0.464595 -0.362545 0.914622 0.178962 0.663851 0.118699 0.738385
593 -1.29613 2.08426 0.084523 0.0069 -0.1894 0.9819 0.937248 0.458274 -0.36259 0.914603 0.178967 0.931926 0.357244 0.0623705
594 -1.38205 2.09275 0.053447 -0.6541 -0.3865 0.6502 0.91887 0.592746 0.362554 -0.914621 -0.178951 -0.663856 -0.118668 -0.738385
595 -1.41308 2.09602 -0.026139 -0.9319 -0.3572 -0.0624 0.91887 0.588276 0.362558 -0.914614 -0.178976 -0.00685849 0.189418 -0.981872
596 -1.40099 2.06552 -0.032108 -0.9319 -0.3572 -0.0624 0.921336 0.588276 0.362558 -0.914613 -0.178984 -0.00687159 0.189408 -0.981874
597 -1.38205 2.09275 0.053447 -0.6541 -0.3865 0.6502 0.91887 0.592746 0.362554 -0.914621 -0.178951 -0.663856 -0.118668 -0.738385
598 -1.40099 2.06552 -0.032108 -0.9319 -0.3572 -0.0624 0.921336 0.588276 0.362558 -0.914613 -0.178984 -0.00687159 0.189408 -0.981874
599 -1.36996 2.06224 0.047477 -0.6541 -0.3865 0.6502 0.921336 0.592746 0.362535 -0.914624 -0.178973 -0.663856 -0.118669 -0.738385
600 -1.41308 2.09602 -0.026139 -0.9319 -0.3572 -0.0624 0.91887 0.588276 0.362558 -0.914614 -0.178976 -0.00685849 0.189418 -0.981872
601 -1.38314 2.12266 -0.101644 -0.6638 -0.1187 -0.7384 0.91887 0.581955 0.362588 -0.914607 -0.178955 0.654072 0.386542 -0.650211
602 -1.37104 2.09216 -0.107613 -0.6639 -0.1187 -0.7384 0.921336 0.581955 0.362579 -0.914607 -0.178972 0.654084 0.386536 -0.650203
603 -1.41308 2.09602 -0.026139 -0.9319 -0.3572 -0.0624 0.91887 0.588276 0.362558 -0.914614 -0.178976 -0.00685849 0.189418 -0.981872
604 -1.37104 2.09216 -0.107613 -0.6639 -0.1187 -0.7384 0.921336 0.581955 0.362579 -0.914607 -0.178972 0.654084 0.386536 -0.650203
605 -1.40099 2.06552 -0.032108 -0.9319 -0.3572 -0.0624 0.921336 0.588276 0.362558 -0.914613 -0.178984 -0.00687159 0.189408 -0.981874
606 -1.38314 2.12266 -0.101644 -0.6639 -0.1187 -0.7384 0.997051 0.722774 0.362588 -0.914607 -0.178955 0.654072 0.386542 -0.650211
607 -1.30976 2.15707 -0.128839 -0.0069 0.1894 -0.9819 0.997051 0.718305 0.362574 -0.91461 -0.178968 0.931928 0.357242 0.0623501
608 -1.29767 2.12657 -0.134808 -0.0069 0.1894 -0.9819 0.999518 0.718305 0.362569 -0.914611 -0.178968 0.931926 0.357247 0.0623611
609 -1.38314 2.12266 -0.101644 -0.6639 -0.1187 -0.7384 0.997051 0.722774 0.362588 -0.914607 -0.178955 0.654072 0.386542 -0.650211
610 -1.29767 2.12657 -0.134808 -0.0069 0.1894 -0.9819 0.999518 0.718305 0.362569 -0.914611 -0.178968 0.931926 0.357247 0.0623611
611 -1.37104 2.09216 -0.107613 -0.6639 -0.1187 -0.7384 0.999518 0.722774 0.362579 -0.914607 -0.178972 0.654084 0.386536 -0.650203
