0 -0.738325 0.360399 -0.129943 0.3824 -0.9221 -0.059 0.583232 0.22666 -0.0357273 -0.078562 0.996269 0.923989 0.381857 0.0207263
1 -0.659107 0.393138 -0.128166 0.3824 -0.9221 -0.059 0.583232 0.221543 -0.0357253 -0.0785611 0.996269 0.923989 0.381857 0.0207262
2 -0.659145 0.392611 -0.120178 0.3824 -0.9221 -0.059 0.583823 0.221527 -0.0357273 -0.078562 0.996269 0.923989 0.381857 0.0207263
3 -0.738325 0.360399 -0.129943 0.3824 -0.9221 -0.059 0.583232 0.22666 -0.0357273 -0.078562 0.996269 0.923989 0.381857 0.0207263
4 -0.659145 0.392611 -0.120178 0.3824 -0.9221 -0.059 0.583823 0.221527 -0.0357273 -0.078562 0.996269 0.923989 0.381857 0.0207263
5 -0.738363 0.359872 -0.121955 0.3824 -0.9221 -0.059 0.583823 0.226644 -0.0357314 -0.0785637 0.996269 0.923989 0.381857 0.0207263
6 -0.751457 0.224857 -0.13736 0.5481 -0.8359 -0.0296 0.211747 0.66341 0.0175913 0.0469011 -0.998745 -0.836372 -0.548085 -0.00915937
7 -0.696863 0.260638 -0.136762 0.5481 -0.8359 -0.0296 0.211747 0.667766 0.0176696 0.0469523 -0.998741 -0.836372 -0.548085 -0.00915926
8 -0.696728 0.260443 -0.128761 0.5481 -0.8359 -0.0296 0.211156 0.667788 0.0175913 0.0469011 -0.998745 -0.836372 -0.548085 -0.00915937
9 -0.751457 0.224857 -0.13736 0.5481 -0.8359 -0.0296 0.211747 0.66341 0.0175913 0.0469011 -0.998745 -0.836372 -0.548085 -0.00915937
10 -0.696728 0.260443 -0.128761 0.5481 -0.8359 -0.0296 0.211156 0.667788 0.0175913 0.0469011 -0.998745 -0.836372 -0.548085 -0.00915937
11 -0.751321 0.224663 -0.129359 0.5481 -0.8359 -0.0296 0.211156 0.663432 0.0174349 0.0467988 -0.998752 -0.836372 -0.548085 -0.00915958
12 -0.981429 0.466941 -0.715329 -0.4835 -0.7589 -0.4362 0.84003 0.900557 0.842343 -0.267786 -0.467706 -0.186759 0.576267 -0.795637
13 -1.03776 0.39577 -0.529078 -0.5227 -0.8226 -0.2236 0.832353 0.912353 0.791875 -0.371364 -0.484792 -0.301151 0.423562 -0.854344
14 -0.988178 0.471246 -0.715339 -0.4835 -0.7589 -0.4362 0.839512 0.900271 0.842326 -0.267816 -0.46772 -0.186504 0.5762 -0.795744
15 -0.938105 0.569014 -0.563059 0.0506 0.1333 -0.9898 0.609123 0.226043 -0.905389 0.424444 0.0108767 -0.406438 -0.902525 -0.142324
16 -0.963167 0.513362 -0.571836 0.0506 0.1333 -0.9898 0.609123 0.221511 -0.905374 0.424475 0.0108816 -0.406438 -0.902525 -0.142324
17 -0.970572 0.516402 -0.571805 0.0506 0.1333 -0.9898 0.609709 0.221482 -0.905389 0.424444 0.0108767 -0.406438 -0.902525 -0.142324
18 -0.938105 0.569014 -0.563059 0.0506 0.1333 -0.9898 0.609123 0.226043 -0.905389 0.424444 0.0108767 -0.406438 -0.902525 -0.142324
19 -0.970572 0.516402 -0.571805 0.0506 0.1333 -0.9898 0.609709 0.221482 -0.905389 0.424444 0.0108767 -0.406438 -0.902525 -0.142324
20 -0.94551 0.572054 -0.563028 0.0506 0.1333 -0.9898 0.609709 0.226014 -0.905418 0.424381 0.0108667 -0.406437 -0.902526 -0.142324
21 -0.975702 0.477702 -0.269051 0.8873 -0.4612 -0.0008 0.76932 0.965122 0.461198 0.887291 0.00323537 -0.000486639 0.000798408 -1
22 -0.977463 0.476705 -0.171197 0.891 -0.4539 -0.001 0.769194 0.972327 0.453921 0.891026 0.0052632 -0.000846221 0.000540626 -0.999999
23 -1.02921 0.390977 -0.17936 0.8525 -0.522 -0.0266 0.761787 0.97173 0.5222 0.852823 7.37033e-05 -0.0224275 0.0143111 -0.999646
24 -0.975702 0.477702 -0.269051 0.8873 -0.4612 -0.0008 0.76932 0.965122 0.461198 0.887291 0.00323537 -0.000486639 0.000798408 -1
25 -1.02921 0.390977 -0.17936 0.8525 -0.522 -0.0266 0.761787 0.97173 0.5222 0.852823 7.37033e-05 -0.0224275 0.0143111 -0.999646
26 -1.03101 0.391465 -0.269051 0.8461 -0.5331 -0.0015 0.761745 0.965109 0.533075 0.846066 -0.00170704 -0.00107159 0.00111115 -0.999999
27 -0.937744 0.56859 -0.269051 0.9222 -0.3867 -0.0001 0.776527 0.96503 0.386667 0.922118 0.0136923 0.000460298 0.00135646 -0.999999
28 -0.937928 0.566914 -0.163035 0.911 -0.4124 0.0077 0.776418 0.972847 0.41231 0.910988 0.0100582 0.00673787 -0.00378627 -0.99997
29 -0.977463 0.476705 -0.171197 0.891 -0.4539 -0.001 0.769194 0.972327 0.453921 0.891026 0.0052632 -0.000846221 0.000540626 -0.999999
30 -0.937744 0.56859 -0.269051 0.9222 -0.3867 -0.0001 0.776527 0.96503 0.386667 0.922118 0.0136923 0.000460298 0.00135646 -0.999999
31 -0.977463 0.476705 -0.171197 0.891 -0.4539 -0.001 0.769194 0.972327 0.453921 0.891026 0.0052632 -0.000846221 0.000540626 -0.999999
32 -0.975702 0.477702 -0.269051 0.8873 -0.4612 -0.0008 0.76932 0.965122 0.461198 0.887291 0.00323537 -0.000486639 0.000798408 -1
33 -0.937928 0.566914 -0.163035 0.911 -0.4124 0.0077 0.776418 0.972847 0.41231 0.910988 0.0100582 0.00673787 -0.00378627 -0.99997
34 -0.936518 0.563802 -0.12779 0.8919 -0.4289 -0.1434 0.776276 0.975462 0.434511 0.900624 0.00880738 -0.120737 0.0797504 -0.989476
35 -1.00573 0.425405 -0.133109 0.865 -0.4696 -0.177 0.764866 0.975151 0.477681 0.878526 0.00360619 -0.151514 0.0918665 -0.984177
36 -0.937928 0.566914 -0.163035 0.911 -0.4124 0.0077 0.776418 0.972847 0.41231 0.910988 0.0100582 0.00673787 -0.00378627 -0.99997
37 -1.00573 0.425405 -0.133109 0.865 -0.4696 -0.177 0.764866 0.975151 0.477681 0.878526 0.00360619 -0.151514 0.0918665 -0.984177
38 -0.977463 0.476705 -0.171197 0.891 -0.4539 -0.001 0.769194 0.972327 0.453921 0.891026 0.0052632 -0.000846221 0.000540626 -0.999999
39 -1.003 0.411354 -0.12596 0.0789 -0.0093 -0.9968 0.556992 0.989199 -0.516708 -0.855529 -0.0329176 0.852232 -0.518145 0.0722943
40 -1.00529 0.413431 -0.126504 0.3126 -0.1549 -0.9372 0.55695 0.989427 -0.519228 -0.854035 -0.0320317 0.794599 -0.497963 0.34734
41 -0.932045 0.561159 -0.120842 0.3409 -0.1335 -0.9306 0.544788 0.990431 -0.511239 -0.857028 -0.0643331 0.789481 -0.496768 0.360474
42 -1.003 0.411354 -0.12596 0.0789 -0.0093 -0.9968 0.556992 0.989199 -0.516708 -0.855529 -0.0329176 0.852232 -0.518145 0.0722943
43 -0.932045 0.561159 -0.120842 0.3409 -0.1335 -0.9306 0.544788 0.990431 -0.511239 -0.857028 -0.0643331 0.789481 -0.496768 0.360474
44 -0.929422 0.559851 -0.12027 0.0946 -0.0035 -0.9955 0.544769 0.990211 -0.514932 -0.856 -0.0459233 0.851961 -0.51702 0.0827772
45 -1.00529 0.413431 -0.126504 0.3126 -0.1549 -0.9372 0.55695 0.989427 -0.519228 -0.854035 -0.0320317 0.794599 -0.497963 0.34734
46 -1.00662 0.416831 -0.128054 0.5709 -0.3059 -0.7619 0.556791 0.989655 -0.514969 -0.856173 -0.0421213 0.637056 -0.420346 0.646119
47 -0.934315 0.56237 -0.122472 0.6095 -0.2749 -0.7436 0.544803 0.990635 -0.500793 -0.86063 -0.092316 0.619886 -0.419464 0.663168
48 -1.00529 0.413431 -0.126504 0.3126 -0.1549 -0.9372 0.55695 0.989427 -0.519228 -0.854035 -0.0320317 0.794599 -0.497963 0.34734
49 -0.934315 0.56237 -0.122472 0.6095 -0.2749 -0.7436 0.544803 0.990635 -0.500793 -0.86063 -0.092316 0.619886 -0.419464 0.663168
50 -0.932045 0.561159 -0.120842 0.3409 -0.1335 -0.9306 0.544788 0.990431 -0.511239 -0.857028 -0.0643331 0.789481 -0.496768 0.360474
51 -1.00662 0.416831 -0.128054 0.571 -0.306 -0.7618 0.76429 0.975546 0.464128 0.885733 -0.00789937 -0.65471 0.390115 -0.64743
52 -1.00677 0.421036 -0.130373 0.7654 -0.4156 -0.4914 0.76455 0.975361 0.477899 0.878414 0.0014546 -0.419324 0.257179 -0.870647
53 -0.935886 0.563298 -0.124912 0.8 -0.381 -0.4636 0.776269 0.975679 0.433258 0.901243 0.00697202 -0.394149 0.248878 -0.884707
54 -1.00662 0.416831 -0.128054 0.571 -0.306 -0.7618 0.76429 0.975546 0.464128 0.885733 -0.00789937 -0.65471 0.390115 -0.64743
55 -0.935886 0.563298 -0.124912 0.8 -0.381 -0.4636 0.776269 0.975679 0.433258 0.901243 0.00697202 -0.394149 0.248878 -0.884707
56 -0.934315 0.56237 -0.122472 0.6097 -0.2745 -0.7436 0.77627 0.97587 0.424088 0.905521 0.0134492 -0.646863 0.369862 -0.666911
57 -1.00677 0.421036 -0.130373 0.7654 -0.4156 -0.4914 0.76455 0.975361 0.477899 0.878414 0.0014546 -0.419324 0.257179 -0.870647
58 -1.00573 0.425405 -0.133109 0.865 -0.4696 -0.177 0.764866 0.975151 0.477681 0.878526 0.00360619 -0.151514 0.0918665 -0.984177
59 -0.936518 0.563802 -0.12779 0.8919 -0.4289 -0.1434 0.776276 0.975462 0.434511 0.900624 0.00880738 -0.120737 0.0797504 -0.989476
60 -1.00677 0.421036 -0.130373 0.7654 -0.4156 -0.4914 0.76455 0.975361 0.477899 0.878414 0.0014546 -0.419324 0.257179 -0.870647
61 -0.936518 0.563802 -0.12779 0.8919 -0.4289 -0.1434 0.776276 0.975462 0.434511 0.900624 0.00880738 -0.120737 0.0797504 -0.989476
62 -0.935886 0.563298 -0.124912 0.8 -0.381 -0.4636 0.776269 0.975679 0.433258 0.901243 0.00697202 -0.394149 0.248878 -0.884707
63 -1.02016 0.38677 -0.126827 0.0841 -0.0242 -0.9962 0.559205 0.989342 -0.518291 -0.854895 -0.0229872 0.851185 -0.518028 0.0844407
64 -1.0228 0.387998 -0.127398 0.3191 -0.1844 -0.9296 0.55923 0.98956 -0.520095 -0.85406 -0.00911531 0.787048 -0.494862 0.36833
65 -1.00529 0.413431 -0.126504 0.3126 -0.1549 -0.9372 0.55695 0.989427 -0.519228 -0.854035 -0.0320317 0.794599 -0.497963 0.34734
66 -1.02016 0.38677 -0.126827 0.0841 -0.0242 -0.9962 0.559205 0.989342 -0.518291 -0.854895 -0.0229872 0.851185 -0.518028 0.0844407
67 -1.00529 0.413431 -0.126504 0.3126 -0.1549 -0.9372 0.55695 0.989427 -0.519228 -0.854035 -0.0320317 0.794599 -0.497963 0.34734
68 -1.003 0.411354 -0.12596 0.0789 -0.0093 -0.9968 0.556992 0.989199 -0.516708 -0.855529 -0.0329176 0.852232 -0.518145 0.0722943
69 -1.0228 0.387998 -0.127398 0.3191 -0.1844 -0.9296 0.55923 0.98956 -0.520095 -0.85406 -0.00911531 0.787048 -0.494862 0.36833
70 -1.02509 0.38906 -0.129024 0.5565 -0.3406 -0.7579 0.559256 0.989759 -0.522782 -0.852466 -0.000762369 0.635111 -0.413715 0.652284
71 -1.00662 0.416831 -0.128054 0.5709 -0.3059 -0.7619 0.556791 0.989655 -0.514969 -0.856173 -0.0421213 0.637056 -0.420346 0.646119
72 -1.0228 0.387998 -0.127398 0.3191 -0.1844 -0.9296 0.55923 0.98956 -0.520095 -0.85406 -0.00911531 0.787048 -0.494862 0.36833
73 -1.00662 0.416831 -0.128054 0.5709 -0.3059 -0.7619 0.556791 0.989655 -0.514969 -0.856173 -0.0421213 0.637056 -0.420346 0.646119
74 -1.00529 0.413431 -0.126504 0.3126 -0.1549 -0.9372 0.55695 0.989427 -0.519228 -0.854035 -0.0320317 0.794599 -0.497963 0.34734
75 -1.02509 0.38906 -0.129024 0.5566 -0.3407 -0.7577 0.761825 0.975467 0.522395 0.852704 0.000328663 -0.647866 0.392921 -0.652597
76 -1.02667 0.389796 -0.131459 0.7392 -0.4518 -0.4994 0.761811 0.975277 0.521175 0.85345 -0.000672359 -0.426945 0.259101 -0.866363
77 -1.00677 0.421036 -0.130373 0.7654 -0.4156 -0.4914 0.76455 0.975361 0.477899 0.878414 0.0014546 -0.419324 0.257179 -0.870647
78 -1.02509 0.38906 -0.129024 0.5566 -0.3407 -0.7577 0.761825 0.975467 0.522395 0.852704 0.000328663 -0.647866 0.392921 -0.652597
79 -1.00677 0.421036 -0.130373 0.7654 -0.4156 -0.4914 0.76455 0.975361 0.477899 0.878414 0.0014546 -0.419324 0.257179 -0.870647
80 -1.00662 0.416831 -0.128054 0.571 -0.306 -0.7618 0.76429 0.975546 0.464128 0.885733 -0.00789937 -0.65471 0.390115 -0.64743
81 -1.02667 0.389796 -0.131459 0.7392 -0.4518 -0.4994 0.761811 0.975277 0.521175 0.85345 -0.000672359 -0.426945 0.259101 -0.866363
82 -1.02732 0.390095 -0.134331 0.8388 -0.5071 -0.1981 0.761805 0.975061 0.517406 0.85574 0.000276588 -0.168989 0.103382 -0.980181
83 -1.00573 0.425405 -0.133109 0.865 -0.4696 -0.177 0.764866 0.975151 0.477681 0.878526 0.00360619 -0.151514 0.0918665 -0.984177
84 -1.02667 0.389796 -0.131459 0.7392 -0.4518 -0.4994 0.761811 0.975277 0.521175 0.85345 -0.000672359 -0.426945 0.259101 -0.866363
85 -1.00573 0.425405 -0.133109 0.865 -0.4696 -0.177 0.764866 0.975151 0.477681 0.878526 0.00360619 -0.151514 0.0918665 -0.984177
86 -1.00677 0.421036 -0.130373 0.7654 -0.4156 -0.4914 0.76455 0.975361 0.477899 0.878414 0.0014546 -0.419324 0.257179 -0.870647
87 -0.977463 0.476705 -0.171197 0.891 -0.4539 -0.001 0.769194 0.972327 0.453921 0.891026 0.0052632 -0.000846221 0.000540626 -0.999999
88 -1.00573 0.425405 -0.133109 0.865 -0.4696 -0.177 0.764866 0.975151 0.477681 0.878526 0.00360619 -0.151514 0.0918665 -0.984177
89 -1.02732 0.390095 -0.134331 0.8388 -0.5071 -0.1981 0.761805 0.975061 0.517406 0.85574 0.000276588 -0.168989 0.103382 -0.980181
90 -0.977463 0.476705 -0.171197 0.891 -0.4539 -0.001 0.769194 0.972327 0.453921 0.891026 0.0052632 -0.000846221 0.000540626 -0.999999
91 -1.02732 0.390095 -0.134331 0.8388 -0.5071 -0.1981 0.761805 0.975061 0.517406 0.85574 0.000276588 -0.168989 0.103382 -0.980181
92 -1.02921 0.390977 -0.17936 0.8525 -0.522 -0.0266 0.761787 0.97173 0.5222 0.852823 7.37033e-05 -0.0224275 0.0143111 -0.999646
93 -0.982806 0.481394 -0.269045 -0.8874 0.4611 0.0008 0.256968 0.942775 0.461074 0.88736 -0.00174591 0.000470985 -0.000828365 1
94 -1.03778 0.395732 -0.269039 -0.846 0.5332 0.0015 0.249465 0.942827 0.533173 0.845977 -0.00697136 0.0015461 -0.000359635 0.999999
95 -1.03604 0.395156 -0.179147 -0.8525 0.5221 0.0273 0.249491 0.936194 0.522135 0.852845 -0.00548136 0.0236414 -0.0136684 0.999627
96 -0.982806 0.481394 -0.269045 -0.8874 0.4611 0.0008 0.256968 0.942775 0.461074 0.88736 -0.00174591 0.000470985 -0.000828365 1
97 -1.03604 0.395156 -0.179147 -0.8525 0.5221 0.0273 0.249491 0.936194 0.522135 0.852845 -0.00548136 0.0236414 -0.0136684 0.999627
98 -0.984596 0.480338 -0.171189 -0.891 0.4541 0.0025 0.256841 0.935575 0.45408 0.890961 0.000689007 0.00200469 -0.00157335 0.999997
99 -0.945127 0.571685 -0.26905 -0.9224 0.3863 0.0001 0.264174 0.942839 0.386272 0.922327 0.0103046 -0.00021739 -0.00077755 1
100 -0.982806 0.481394 -0.269045 -0.8874 0.4611 0.0008 0.256968 0.942775 0.461074 0.88736 -0.00174591 0.000470985 -0.000828365 1
101 -0.984596 0.480338 -0.171189 -0.891 0.4541 0.0025 0.256841 0.935575 0.45408 0.890961 0.000689007 0.00200469 -0.00157335 0.999997
102 -0.945127 0.571685 -0.26905 -0.9224 0.3863 0.0001 0.264174 0.942839 0.386272 0.922327 0.0103046 -0.00021739 -0.00077755 1
103 -0.984596 0.480338 -0.171189 -0.891 0.4541 0.0025 0.256841 0.935575 0.45408 0.890961 0.000689007 0.00200469 -0.00157335 0.999997
104 -0.94522 0.570216 -0.163096 -0.9111 0.4122 -0.0062 0.264079 0.935031 0.412157 0.911094 0.0059123 -0.00562018 0.00261823 0.999981
105 -0.94522 0.570216 -0.163096 -0.9111 0.4122 -0.0062 0.264079 0.935031 0.412157 0.911094 0.0059123 -0.00562018 0.00261823 0.999981
106 -0.984596 0.480338 -0.171189 -0.891 0.4541 0.0025 0.256841 0.935575 0.45408 0.890961 0.000689007 0.00200469 -0.00157335 0.999997
107 -1.01266 0.429165 -0.131693 -0.8619 0.4726 0.1838 0.252526 0.93267 0.480419 0.877036 -0.00225589 0.161803 -0.0872002 0.982963
108 -0.94522 0.570216 -0.163096 -0.9111 0.4122 -0.0062 0.264079 0.935031 0.412157 0.911094 0.0059123 -0.00562018 0.00261823 0.999981
109 -1.01266 0.429165 -0.131693 -0.8619 0.4726 0.1838 0.252526 0.93267 0.480419 0.877036 -0.00225589 0.161803 -0.0872002 0.982963
110 -0.943658 0.567236 -0.126642 -0.8909 0.428 0.152 0.263939 0.932328 0.433657 0.901066 0.00453253 0.133379 -0.0733677 0.988346
111 -1.00364 0.411446 -0.117981 -0.0853 0.0126 0.9963 0.199643 0.965794 -0.513898 -0.85721 -0.0331571 -0.853011 0.515794 -0.0795531
112 -0.930203 0.559815 -0.112303 -0.1018 0.0072 0.9948 0.187432 0.964822 -0.511653 -0.857952 -0.0461487 -0.851628 0.516206 -0.090886
113 -0.934774 0.562228 -0.113393 -0.3452 0.1357 0.9287 0.187456 0.964432 -0.507945 -0.859062 -0.0632799 -0.790646 0.4911 -0.365649
114 -1.00364 0.411446 -0.117981 -0.0853 0.0126 0.9963 0.199643 0.965794 -0.513898 -0.85721 -0.0331571 -0.853011 0.515794 -0.0795531
115 -0.934774 0.562228 -0.113393 -0.3452 0.1357 0.9287 0.187456 0.964432 -0.507945 -0.859062 -0.0632799 -0.790646 0.4911 -0.365649
116 -1.0078 0.414672 -0.119002 -0.3201 0.1567 0.9343 0.199599 0.9654 -0.515727 -0.856113 -0.0331067 -0.796076 0.490175 -0.354953
117 -1.0078 0.414672 -0.119002 -0.3201 0.1567 0.9343 0.199599 0.9654 -0.515727 -0.856113 -0.0331067 -0.796076 0.490175 -0.354953
118 -0.934774 0.562228 -0.113393 -0.3452 0.1357 0.9287 0.187456 0.964432 -0.507945 -0.859062 -0.0632799 -0.790646 0.4911 -0.365649
119 -0.939196 0.564567 -0.11652 -0.606 0.2725 0.7474 0.187482 0.964029 -0.497748 -0.86274 -0.0890285 -0.629439 0.410219 -0.659944
120 -1.0078 0.414672 -0.119002 -0.3201 0.1567 0.9343 0.199599 0.9654 -0.515727 -0.856113 -0.0331067 -0.796076 0.490175 -0.354953
121 -0.939196 0.564567 -0.11652 -0.606 0.2725 0.7474 0.187482 0.964029 -0.497748 -0.86274 -0.0890285 -0.629439 0.410219 -0.659944
122 -1.01119 0.41928 -0.121955 -0.5724 0.3056 0.7609 0.199442 0.964977 -0.511909 -0.858086 -0.0404592 -0.642638 0.409163 -0.647767
123 -1.01119 0.41928 -0.121955 -0.5724 0.3056 0.7609 0.251931 0.931913 0.46021 0.88775 -0.0103462 0.672054 -0.356809 0.648869
124 -0.939196 0.564567 -0.11652 -0.606 0.2725 0.7473 0.26392 0.931548 0.42028 0.90734 0.00995526 0.664485 -0.343006 0.663933
125 -0.94229 0.566347 -0.121201 -0.796 0.3786 0.4723 0.263929 0.931916 0.43082 0.902434 0.00269111 0.416029 -0.224573 0.881185
126 -1.01119 0.41928 -0.121955 -0.5724 0.3056 0.7609 0.251931 0.931913 0.46021 0.88775 -0.0103462 0.672054 -0.356809 0.648869
127 -0.94229 0.566347 -0.121201 -0.796 0.3786 0.4723 0.263929 0.931916 0.43082 0.902434 0.00269111 0.416029 -0.224573 0.881185
128 -1.0129 0.424363 -0.126439 -0.7648 0.4156 0.4923 0.252204 0.932269 0.475949 0.879467 -0.00304825 0.435001 -0.230549 0.870414
129 -1.0129 0.424363 -0.126439 -0.7648 0.4156 0.4923 0.252204 0.932269 0.475949 0.879467 -0.00304825 0.435001 -0.230549 0.870414
130 -0.94229 0.566347 -0.121201 -0.796 0.3786 0.4723 0.263929 0.931916 0.43082 0.902434 0.00269111 0.416029 -0.224573 0.881185
131 -0.943658 0.567236 -0.126642 -0.8909 0.428 0.152 0.263939 0.932328 0.433657 0.901066 0.00453253 0.133379 -0.0733677 0.988346
132 -1.0129 0.424363 -0.126439 -0.7648 0.4156 0.4923 0.252204 0.932269 0.475949 0.879467 -0.00304825 0.435001 -0.230549 0.870414
133 -0.943658 0.567236 -0.126642 -0.8909 0.428 0.152 0.263939 0.932328 0.433657 0.901066 0.00453253 0.133379 -0.0733677 0.988346
134 -1.01266 0.429165 -0.131693 -0.8619 0.4726 0.1838 0.252526 0.93267 0.480419 0.877036 -0.00225589 0.161803 -0.0872002 0.982963
135 -1.02084 0.387045 -0.118855 -0.09 0.0281 0.9955 0.201846 0.965636 -0.51622 -0.85616 -0.0225029 -0.851817 0.515773 -0.0915702
136 -1.00364 0.411446 -0.117981 -0.0853 0.0126 0.9963 0.199643 0.965794 -0.513898 -0.85721 -0.0331571 -0.853011 0.515794 -0.0795531
137 -1.0078 0.414672 -0.119002 -0.3201 0.1567 0.9343 0.199599 0.9654 -0.515727 -0.856113 -0.0331067 -0.796076 0.490175 -0.354953
138 -1.02084 0.387045 -0.118855 -0.09 0.0281 0.9955 0.201846 0.965636 -0.51622 -0.85616 -0.0225029 -0.851817 0.515773 -0.0915702
139 -1.0078 0.414672 -0.119002 -0.3201 0.1567 0.9343 0.199599 0.9654 -0.515727 -0.856113 -0.0331067 -0.796076 0.490175 -0.354953
140 -1.02536 0.389474 -0.119956 -0.3212 0.1862 0.9285 0.201867 0.965249 -0.518612 -0.854973 -0.00795094 -0.790146 0.487765 -0.371154
141 -1.02536 0.389474 -0.119956 -0.3212 0.1862 0.9285 0.201867 0.965249 -0.518612 -0.854973 -0.00795094 -0.790146 0.487765 -0.371154
142 -1.0078 0.414672 -0.119002 -0.3201 0.1567 0.9343 0.199599 0.9654 -0.515727 -0.856113 -0.0331067 -0.796076 0.490175 -0.354953
143 -1.01119 0.41928 -0.121955 -0.5724 0.3056 0.7609 0.199442 0.964977 -0.511909 -0.858086 -0.0404592 -0.642638 0.409163 -0.647767
144 -1.02536 0.389474 -0.119956 -0.3212 0.1862 0.9285 0.201867 0.965249 -0.518612 -0.854973 -0.00795094 -0.790146 0.487765 -0.371154
145 -1.01119 0.41928 -0.121955 -0.5724 0.3056 0.7609 0.199442 0.964977 -0.511909 -0.858086 -0.0404592 -0.642638 0.409163 -0.647767
146 -1.02954 0.391787 -0.122958 -0.5567 0.3415 0.7573 0.201886 0.964862 -0.522089 -0.852891 0.000813033 -0.641823 0.401944 -0.653074
147 -1.02954 0.391787 -0.122958 -0.5566 0.3415 0.7573 0.249498 0.932008 0.521004 0.853552 -0.00197778 0.666863 -0.359968 0.65247
148 -1.01119 0.41928 -0.121955 -0.5724 0.3056 0.7609 0.251931 0.931913 0.46021 0.88775 -0.0103462 0.672054 -0.356809 0.648869
149 -1.0129 0.424363 -0.126439 -0.7648 0.4156 0.4923 0.252204 0.932269 0.475949 0.879467 -0.00304825 0.435001 -0.230549 0.870414
150 -1.02954 0.391787 -0.122958 -0.5566 0.3415 0.7573 0.249498 0.932008 0.521004 0.853552 -0.00197778 0.666863 -0.359968 0.65247
151 -1.0129 0.424363 -0.126439 -0.7648 0.4156 0.4923 0.252204 0.932269 0.475949 0.879467 -0.00304825 0.435001 -0.230549 0.870414
152 -1.03259 0.393414 -0.127461 -0.7398 0.453 0.4975 0.249499 0.932362 0.519337 0.85455 -0.00583985 0.43967 -0.234227 0.86708
153 -1.03259 0.393414 -0.127461 -0.7398 0.453 0.4975 0.249499 0.932362 0.519337 0.85455 -0.00583985 0.43967 -0.234227 0.86708
154 -1.0129 0.424363 -0.126439 -0.7648 0.4156 0.4923 0.252204 0.932269 0.475949 0.879467 -0.00304825 0.435001 -0.230549 0.870414
155 -1.01266 0.429165 -0.131693 -0.8619 0.4726 0.1838 0.252526 0.93267 0.480419 0.877036 -0.00225589 0.161803 -0.0872002 0.982963
156 -1.03259 0.393414 -0.127461 -0.7398 0.453 0.4975 0.249499 0.932362 0.519337 0.85455 -0.00583985 0.43967 -0.234227 0.86708
157 -1.01266 0.429165 -0.131693 -0.8619 0.4726 0.1838 0.252526 0.93267 0.480419 0.877036 -0.00225589 0.161803 -0.0872002 0.982963
158 -1.03403 0.394154 -0.132745 -0.8386 0.5072 0.1989 0.249497 0.932762 0.516713 0.856146 -0.00463384 0.174807 -0.0952808 0.979982
159 -0.984596 0.480338 -0.171189 -0.891 0.4541 0.0025 0.256841 0.935575 0.45408 0.890961 0.000689007 0.00200469 -0.00157335 0.999997
160 -1.03604 0.395156 -0.179147 -0.8525 0.5221 0.0273 0.249491 0.936194 0.522135 0.852845 -0.00548136 0.0236414 -0.0136684 0.999627
161 -1.03403 0.394154 -0.132745 -0.8386 0.5072 0.1989 0.249497 0.932762 0.516713 0.856146 -0.00463384 0.174807 -0.0952808 0.979982
162 -0.984596 0.480338 -0.171189 -0.891 0.4541 0.0025 0.256841 0.935575 0.45408 0.890961 0.000689007 0.00200469 -0.00157335 0.999997
163 -1.03403 0.394154 -0.132745 -0.8386 0.5072 0.1989 0.249497 0.932762 0.516713 0.856146 -0.00463384 0.174807 -0.0952808 0.979982
164 -1.01266 0.429165 -0.131693 -0.8619 0.4726 0.1838 0.252526 0.93267 0.480419 0.877036 -0.00225589 0.161803 -0.0872002 0.982963
165 -1.03101 0.391465 -0.529067 -0.5227 -0.8225 -0.2241 0.83287 0.912639 0.797455 -0.378831 -0.46963 -0.30645 0.426592 -0.850945
166 -1.03101 0.391465 -0.269051 -0.5315 -0.8471 0.0027 0.823627 0.929481 0.741749 -0.466934 -0.481436 -0.408675 0.253622 -0.876733
167 -1.03778 0.395732 -0.269039 -0.5315 -0.8471 0.0026 0.823108 0.929197 0.741702 -0.466847 -0.481593 -0.408867 0.253847 -0.876578
168 -1.03101 0.391465 -0.529067 -0.5227 -0.8225 -0.2241 0.83287 0.912639 0.797455 -0.378831 -0.46963 -0.30645 0.426592 -0.850945
169 -1.03778 0.395732 -0.269039 -0.5315 -0.8471 0.0026 0.823108 0.929197 0.741702 -0.466847 -0.481593 -0.408867 0.253847 -0.876578
170 -1.03776 0.39577 -0.529078 -0.5227 -0.8227 -0.2236 0.832353 0.912353 0.791875 -0.371364 -0.484792 -0.301151 0.423562 -0.854344
171 -0.696863 0.260638 -0.136762 0.7715 0.6361 0.014 0.279513 0.601888 0.0355478 -0.0650628 0.997248 -0.636032 0.770477 0.0427633
172 -0.794066 0.378533 -0.130212 0.7715 0.6361 0.014 0.279514 0.59152 0.0376339 -0.0675872 0.997003 -0.636033 0.770478 0.0427292
173 -0.794023 0.37816 -0.122215 0.7715 0.6361 0.014 0.280105 0.5915 0.0355478 -0.0650628 0.997248 -0.636032 0.770477 0.0427633
174 -0.696863 0.260638 -0.136762 0.7715 0.6361 0.014 0.279513 0.601888 0.0355478 -0.0650628 0.997248 -0.636032 0.770477 0.0427633
175 -0.794023 0.37816 -0.122215 0.7715 0.6361 0.014 0.280105 0.5915 0.0355478 -0.0650628 0.997248 -0.636032 0.770477 0.0427633
176 -0.696728 0.260443 -0.128761 0.7715 0.6361 0.014 0.280105 0.601868 0.0313744 -0.0600119 0.997705 -0.636031 0.770474 0.0428316
177 -0.936518 0.563802 -0.12779 0.4351 0.899 0.051 0.922928 0.927508 0.730123 -0.31909 -0.604237 0.523579 -0.298668 0.797911
178 -0.937928 0.566914 -0.163035 0.4132 0.9099 0.0373 0.924341 0.9297 0.734627 -0.308842 -0.604102 0.536358 -0.276261 0.797496
179 -0.94522 0.570216 -0.163096 0.4124 0.9103 0.0359 0.923872 0.930061 0.734827 -0.309095 -0.603729 0.536082 -0.27435 0.798341
180 -0.936518 0.563802 -0.12779 0.4351 0.899 0.051 0.922928 0.927508 0.730123 -0.31909 -0.604237 0.523579 -0.298668 0.797911
181 -0.94522 0.570216 -0.163096 0.4124 0.9103 0.0359 0.923872 0.930061 0.734827 -0.309095 -0.603729 0.536082 -0.27435 0.798341
182 -0.943658 0.567236 -0.126642 0.4347 0.8991 0.0513 0.92241 0.927794 0.730638 -0.318802 -0.603766 0.523622 -0.298687 0.797876
183 -0.932045 0.561159 -0.120842 0.4495 0.8924 0.0398 0.922924 0.926868 0.722132 -0.336788 -0.604235 0.523677 -0.299347 0.797592
184 -0.934315 0.56237 -0.122472 0.4497 0.8923 0.0401 0.922845 0.927079 0.722092 -0.336762 -0.604296 0.523982 -0.299901 0.797184
185 -0.939196 0.564567 -0.11652 0.4497 0.8923 0.0399 0.922265 0.926967 0.722356 -0.337051 -0.60382 0.52383 -0.299654 0.797377
186 -0.932045 0.561159 -0.120842 0.4495 0.8924 0.0398 0.922924 0.926868 0.722132 -0.336788 -0.604235 0.523677 -0.299347 0.797592
187 -0.939196 0.564567 -0.11652 0.4497 0.8923 0.0399 0.922265 0.926967 0.722356 -0.337051 -0.60382 0.52383 -0.299654 0.797377
188 -0.934774 0.562228 -0.113393 0.4496 0.8924 0.0399 0.92242 0.92656 0.721917 -0.336679 -0.604553 0.523986 -0.299637 0.797281
189 -1.02732 0.390095 -0.134331 -0.5159 -0.8566 0.0127 0.819091 0.938345 0.747435 -0.457298 -0.481892 -0.416678 0.237943 -0.877361
190 -1.02667 0.389796 -0.131459 -0.5046 -0.8629 0.0281 0.819035 0.938556 0.749717 -0.45409 -0.48138 -0.426674 0.220948 -0.877001
191 -1.03259 0.393414 -0.127461 -0.5039 -0.8633 0.0288 0.818443 0.938568 0.749662 -0.453646 -0.481883 -0.427094 0.220032 -0.877027
192 -1.02732 0.390095 -0.134331 -0.5159 -0.8566 0.0127 0.819091 0.938345 0.747435 -0.457298 -0.481892 -0.416678 0.237943 -0.877361
193 -1.03259 0.393414 -0.127461 -0.5039 -0.8633 0.0288 0.818443 0.938568 0.749662 -0.453646 -0.481883 -0.427094 0.220032 -0.877027
194 -1.03403 0.394154 -0.132745 -0.5156 -0.8567 0.0129 0.818526 0.938168 0.74749 -0.45713 -0.481965 -0.417567 0.238106 -0.876894
195 -1.0228 0.387998 -0.127398 -0.4665 -0.8844 0.0157 0.819167 0.938969 0.77307 -0.416274 -0.478622 -0.431712 0.212155 -0.876707
196 -1.02016 0.38677 -0.126827 -0.4868 -0.8735 -0.0041 0.819335 0.939109 0.766784 -0.42507 -0.480996 -0.418591 0.237395 -0.876599
197 -1.02084 0.387045 -0.118855 -0.4865 -0.8737 -0.0041 0.819004 0.9396 0.767243 -0.424969 -0.480354 -0.418619 0.237213 -0.876635
198 -1.0228 0.387998 -0.127398 -0.4665 -0.8844 0.0157 0.819167 0.938969 0.77307 -0.416274 -0.478622 -0.431712 0.212155 -0.876707
199 -1.02084 0.387045 -0.118855 -0.4865 -0.8737 -0.0041 0.819004 0.9396 0.767243 -0.424969 -0.480354 -0.418619 0.237213 -0.876635
200 -1.02536 0.389474 -0.119956 -0.4664 -0.8844 0.0156 0.818711 0.939347 0.772519 -0.415863 -0.479868 -0.431314 0.211991 -0.876943
201 -0.975064 0.478958 -0.65126 0.4686 0.8289 -0.3054 0.407312 0.552644 -0.873735 0.485912 -0.0218163 -0.112293 -0.287018 -0.951321
202 -0.981429 0.466941 -0.715329 0.517 0.8309 -0.2058 0.407485 0.54788 -0.852201 0.522205 -0.0324959 -0.0659141 -0.201062 -0.977358
203 -0.988178 0.471246 -0.715339 0.517 0.8309 -0.2058 0.408074 0.5479 -0.852315 0.521928 -0.0339007 -0.0659822 -0.201021 -0.977362
204 -0.975064 0.478958 -0.65126 0.4686 0.8289 -0.3054 0.407312 0.552644 -0.873735 0.485912 -0.0218163 -0.112293 -0.287018 -0.951321
205 -0.988178 0.471246 -0.715339 0.517 0.8309 -0.2058 0.408074 0.5479 -0.852315 0.521928 -0.0339007 -0.0659822 -0.201021 -0.977362
206 -0.98191 0.483107 -0.651266 0.4653 0.8284 -0.3118 0.407902 0.552664 -0.8769 0.479404 -0.0349051 -0.113877 -0.293309 -0.949211
207 -0.937744 0.56859 -0.269051 0.3914 0.9202 0.0075 0.929035 0.93597 0.734806 -0.307617 -0.604509 0.554475 -0.24233 0.796137
208 -0.938105 0.569014 -0.563059 0.3832 0.9237 0.0008 0.942124 0.953317 0.736055 -0.304831 -0.604402 0.558902 -0.232552 0.795958
209 -0.94551 0.572054 -0.563028 0.3832 0.9237 0.0008 0.941653 0.953673 0.736013 -0.304814 -0.604461 0.558833 -0.232523 0.796014
210 -0.937744 0.56859 -0.269051 0.3914 0.9202 0.0075 0.929035 0.93597 0.734806 -0.307617 -0.604509 0.554475 -0.24233 0.796137
211 -0.94551 0.572054 -0.563028 0.3832 0.9237 0.0008 0.941653 0.953673 0.736013 -0.304814 -0.604461 0.558833 -0.232523 0.796014
212 -0.945127 0.571685 -0.26905 0.3913 0.9202 0.0074 0.928565 0.936328 0.734901 -0.307644 -0.604381 0.553929 -0.241956 0.796631
213 -0.963167 0.513362 -0.571836 0.4107 0.8156 -0.4076 0.407484 0.558608 -0.897461 0.440501 -0.0228527 -0.157383 -0.376915 -0.912779
214 -0.975064 0.478958 -0.65126 0.4686 0.8289 -0.3054 0.407312 0.552644 -0.873735 0.485912 -0.0218163 -0.112293 -0.287018 -0.951321
215 -0.98191 0.483107 -0.651266 0.4653 0.8284 -0.3118 0.407902 0.552664 -0.8769 0.479404 -0.0349051 -0.113877 -0.293309 -0.949211
216 -0.963167 0.513362 -0.571836 0.4107 0.8156 -0.4076 0.407484 0.558608 -0.897461 0.440501 -0.0228527 -0.157383 -0.376915 -0.912779
217 -0.98191 0.483107 -0.651266 0.4653 0.8284 -0.3118 0.407902 0.552664 -0.8769 0.479404 -0.0349051 -0.113877 -0.293309 -0.949211
218 -0.970572 0.516402 -0.571805 0.4108 0.8156 -0.4076 0.408074 0.558628 -0.903048 0.425506 -0.0587248 -0.157308 -0.376936 -0.912783
219 -0.934315 0.56237 -0.122472 0.4497 0.8923 0.0401 0.922845 0.927079 0.722092 -0.336762 -0.604296 0.523982 -0.299901 0.797184
220 -0.935886 0.563298 -0.124912 0.4476 0.8932 0.0432 0.922847 0.927303 0.723053 -0.333065 -0.605196 0.523703 -0.300983 0.796959
221 -0.94229 0.566347 -0.121201 0.4477 0.8931 0.0432 0.922263 0.927402 0.72307 -0.333197 -0.605103 0.523938 -0.301182 0.79673
222 -0.934315 0.56237 -0.122472 0.4497 0.8923 0.0401 0.922845 0.927079 0.722092 -0.336762 -0.604296 0.523982 -0.299901 0.797184
223 -0.94229 0.566347 -0.121201 0.4477 0.8931 0.0432 0.922263 0.927402 0.72307 -0.333197 -0.605103 0.523938 -0.301182 0.79673
224 -0.939196 0.564567 -0.11652 0.4497 0.8923 0.0399 0.922265 0.926967 0.722356 -0.337051 -0.60382 0.52383 -0.299654 0.797377
225 -1.02921 0.390977 -0.17936 -0.5234 -0.8521 0.005 0.820556 0.935354 0.745393 -0.460683 -0.481831 -0.411904 0.247866 -0.876868
226 -1.02732 0.390095 -0.134331 -0.5159 -0.8566 0.0127 0.819091 0.938345 0.747435 -0.457298 -0.481892 -0.416678 0.237943 -0.877361
227 -1.03403 0.394154 -0.132745 -0.5156 -0.8567 0.0129 0.818526 0.938168 0.74749 -0.45713 -0.481965 -0.417567 0.238106 -0.876894
228 -1.02921 0.390977 -0.17936 -0.5234 -0.8521 0.005 0.820556 0.935354 0.745393 -0.460683 -0.481831 -0.411904 0.247866 -0.876868
229 -1.03403 0.394154 -0.132745 -0.5156 -0.8567 0.0129 0.818526 0.938168 0.74749 -0.45713 -0.481965 -0.417567 0.238106 -0.876894
230 -1.03604 0.395156 -0.179147 -0.5235 -0.852 0.005 0.82003 0.935083 0.745492 -0.460883 -0.481486 -0.412014 0.248011 -0.876775
231 -1.03101 0.391465 -0.269051 -0.5315 -0.8471 0.0027 0.823627 0.929481 0.741749 -0.466934 -0.481436 -0.408675 0.253622 -0.876733
232 -1.02921 0.390977 -0.17936 -0.5234 -0.8521 0.005 0.820556 0.935354 0.745393 -0.460683 -0.481831 -0.411904 0.247866 -0.876868
233 -1.03604 0.395156 -0.179147 -0.5235 -0.852 0.005 0.82003 0.935083 0.745492 -0.460883 -0.481486 -0.412014 0.248011 -0.876775
234 -1.03101 0.391465 -0.269051 -0.5315 -0.8471 0.0027 0.823627 0.929481 0.741749 -0.466934 -0.481436 -0.408675 0.253622 -0.876733
235 -1.03604 0.395156 -0.179147 -0.5235 -0.852 0.005 0.82003 0.935083 0.745492 -0.460883 -0.481486 -0.412014 0.248011 -0.876775
236 -1.03778 0.395732 -0.269039 -0.5315 -0.8471 0.0026 0.823108 0.929197 0.741702 -0.466847 -0.481593 -0.408867 0.253847 -0.876578
237 -1.02509 0.38906 -0.129024 -0.4867 -0.873 0.031 0.819061 0.938775 0.759326 -0.440338 -0.47909 -0.431963 0.209672 -0.877181
238 -1.0228 0.387998 -0.127398 -0.4665 -0.8844 0.0157 0.819167 0.938969 0.77307 -0.416274 -0.478622 -0.431712 0.212155 -0.876707
239 -1.02536 0.389474 -0.119956 -0.4664 -0.8844 0.0156 0.818711 0.939347 0.772519 -0.415863 -0.479868 -0.431314 0.211991 -0.876943
240 -1.02509 0.38906 -0.129024 -0.4867 -0.873 0.031 0.819061 0.938775 0.759326 -0.440338 -0.47909 -0.431963 0.209672 -0.877181
241 -1.02536 0.389474 -0.119956 -0.4664 -0.8844 0.0156 0.818711 0.939347 0.772519 -0.415863 -0.479868 -0.431314 0.211991 -0.876943
242 -1.02954 0.391787 -0.122958 -0.4862 -0.8733 0.0308 0.818507 0.938982 0.758276 -0.439155 -0.48183 -0.432888 0.210088 -0.876625
243 -0.981429 0.466941 -0.715329 -0.4834 -0.759 -0.4362 0.84003 0.900557 0.842343 -0.267786 -0.467706 -0.186759 0.576267 -0.795637
244 -1.03101 0.391465 -0.529067 -0.5227 -0.8225 -0.2241 0.83287 0.912639 0.797455 -0.378831 -0.46963 -0.30645 0.426592 -0.850945
245 -1.03776 0.39577 -0.529078 -0.5227 -0.8227 -0.2236 0.832353 0.912353 0.791875 -0.371364 -0.484792 -0.301151 0.423562 -0.854344
246 -0.937928 0.566914 -0.163035 0.4132 0.9099 0.0373 0.924341 0.9297 0.734627 -0.308842 -0.604102 0.536358 -0.276261 0.797496
247 -0.937744 0.56859 -0.269051 0.3914 0.9202 0.0075 0.929035 0.93597 0.734806 -0.307617 -0.604509 0.554475 -0.24233 0.796137
248 -0.945127 0.571685 -0.26905 0.3913 0.9202 0.0074 0.928565 0.936328 0.734901 -0.307644 -0.604381 0.553929 -0.241956 0.796631
249 -0.937928 0.566914 -0.163035 0.4132 0.9099 0.0373 0.924341 0.9297 0.734627 -0.308842 -0.604102 0.536358 -0.276261 0.797496
250 -0.945127 0.571685 -0.26905 0.3913 0.9202 0.0074 0.928565 0.936328 0.734901 -0.307644 -0.604381 0.553929 -0.241956 0.796631
251 -0.94522 0.570216 -0.163096 0.4124 0.9103 0.0359 0.923872 0.930061 0.734827 -0.309095 -0.603729 0.536082 -0.27435 0.798341
252 -0.929422 0.559851 -0.12027 0.4887 0.871 0.05 0.923072 0.926703 0.708277 -0.36263 -0.605676 0.506352 -0.329841 0.796751
253 -0.932045 0.561159 -0.120842 0.4495 0.8924 0.0398 0.922924 0.926868 0.722132 -0.336788 -0.604235 0.523677 -0.299347 0.797592
254 -0.934774 0.562228 -0.113393 0.4496 0.8924 0.0399 0.92242 0.92656 0.721917 -0.336679 -0.604553 0.523986 -0.299637 0.797281
255 -0.929422 0.559851 -0.12027 0.4887 0.871 0.05 0.923072 0.926703 0.708277 -0.36263 -0.605676 0.506352 -0.329841 0.796751
256 -0.934774 0.562228 -0.113393 0.4496 0.8924 0.0399 0.92242 0.92656 0.721917 -0.336679 -0.604553 0.523986 -0.299637 0.797281
257 -0.930203 0.559815 -0.112303 0.489 0.8709 0.0501 0.922676 0.926265 0.709204 -0.363458 -0.604092 0.507287 -0.330617 0.795834
258 -1.02016 0.38677 -0.126827 -0.4868 -0.8735 -0.0041 0.819335 0.939109 0.766784 -0.42507 -0.480996 -0.418591 0.237395 -0.876599
259 -0.751457 0.224857 -0.13736 -0.5164 -0.8562 -0.0134 0.84003 0.949606 0.753601 -0.446976 -0.481974 -0.40661 0.258951 -0.876135
260 -0.751321 0.224663 -0.129359 -0.5164 -0.8562 -0.0135 0.839759 0.950132 0.753673 -0.446965 -0.481871 -0.406519 0.258998 -0.876163
261 -1.02016 0.38677 -0.126827 -0.4868 -0.8735 -0.0041 0.819335 0.939109 0.766784 -0.42507 -0.480996 -0.418591 0.237395 -0.876599
262 -0.751321 0.224663 -0.129359 -0.5164 -0.8562 -0.0135 0.839759 0.950132 0.753673 -0.446965 -0.481871 -0.406519 0.258998 -0.876163
263 -1.02084 0.387045 -0.118855 -0.4865 -0.8737 -0.0041 0.819004 0.9396 0.767243 -0.424969 -0.480354 -0.418619 0.237213 -0.876635
264 -1.02667 0.389796 -0.131459 -0.5046 -0.8629 0.0281 0.819035 0.938556 0.749717 -0.45409 -0.48138 -0.426674 0.220948 -0.877001
265 -1.02509 0.38906 -0.129024 -0.4867 -0.873 0.031 0.819061 0.938775 0.759326 -0.440338 -0.47909 -0.431963 0.209672 -0.877181
266 -1.02954 0.391787 -0.122958 -0.4862 -0.8733 0.0308 0.818507 0.938982 0.758276 -0.439155 -0.48183 -0.432888 0.210088 -0.876625
267 -1.02667 0.389796 -0.131459 -0.5046 -0.8629 0.0281 0.819035 0.938556 0.749717 -0.45409 -0.48138 -0.426674 0.220948 -0.877001
268 -1.02954 0.391787 -0.122958 -0.4862 -0.8733 0.0308 0.818507 0.938982 0.758276 -0.439155 -0.48183 -0.432888 0.210088 -0.876625
269 -1.03259 0.393414 -0.127461 -0.5039 -0.8633 0.0288 0.818443 0.938568 0.749662 -0.453646 -0.481883 -0.427094 0.220032 -0.877027
270 -0.794066 0.378533 -0.130212 -0.3101 -0.9492 -0.0534 0.211155 0.672139 -0.0243271 -0.0482282 0.99854 0.950474 -0.31077 0.00451168
271 -0.738325 0.360399 -0.129943 -0.3101 -0.9492 -0.0533 0.211155 0.667889 -0.0260122 -0.0475721 0.998529 0.950475 -0.31077 0.00451007
272 -0.738363 0.359872 -0.121955 -0.3101 -0.9492 -0.0533 0.211747 0.667874 -0.0242962 -0.0481335 0.998545 0.950475 -0.31077 0.00451175
273 -0.794066 0.378533 -0.130212 -0.3101 -0.9492 -0.0534 0.211155 0.672139 -0.0243271 -0.0482282 0.99854 0.950474 -0.31077 0.00451168
274 -0.738363 0.359872 -0.121955 -0.3101 -0.9492 -0.0533 0.211747 0.667874 -0.0242962 -0.0481335 0.998545 0.950475 -0.31077 0.00451175
275 -0.794023 0.37816 -0.122215 -0.3101 -0.9492 -0.0534 0.211747 0.672125 -0.0208949 -0.0493507 0.998563 0.950474 -0.31077 0.00451523
276 -0.935886 0.563298 -0.124912 0.4476 0.8932 0.0432 0.922847 0.927303 0.723053 -0.333065 -0.605196 0.523703 -0.300983 0.796959
277 -0.936518 0.563802 -0.12779 0.4351 0.899 0.051 0.922928 0.927508 0.730123 -0.31909 -0.604237 0.523579 -0.298668 0.797911
278 -0.943658 0.567236 -0.126642 0.4347 0.8991 0.0513 0.92241 0.927794 0.730638 -0.318802 -0.603766 0.523622 -0.298687 0.797876
279 -0.935886 0.563298 -0.124912 0.4476 0.8932 0.0432 0.922847 0.927303 0.723053 -0.333065 -0.605196 0.523703 -0.300983 0.796959
280 -0.943658 0.567236 -0.126642 0.4347 0.8991 0.0513 0.92241 0.927794 0.730638 -0.318802 -0.603766 0.523622 -0.298687 0.797876
281 -0.94229 0.566347 -0.121201 0.4477 0.8931 0.0432 0.922263 0.927402 0.72307 -0.333197 -0.605103 0.523938 -0.301182 0.79673
282 -0.659107 0.393138 -0.128166 0.5253 0.849 0.0569 0.942124 0.913094 0.695902 -0.390167 -0.602902 0.491448 -0.357302 0.794238
283 -0.929422 0.559851 -0.12027 0.4887 0.871 0.05 0.923072 0.926703 0.708277 -0.36263 -0.605676 0.506352 -0.329841 0.796751
284 -0.930203 0.559815 -0.112303 0.489 0.8709 0.0501 0.922676 0.926265 0.709204 -0.363458 -0.604092 0.507287 -0.330617 0.795834
285 -0.659107 0.393138 -0.128166 0.5253 0.849 0.0569 0.942124 0.913094 0.695902 -0.390167 -0.602902 0.491448 -0.357302 0.794238
286 -0.930203 0.559815 -0.112303 0.489 0.8709 0.0501 0.922676 0.926265 0.709204 -0.363458 -0.604092 0.507287 -0.330617 0.795834
287 -0.659145 0.392611 -0.120178 0.5253 0.849 0.0569 0.94178 0.912615 0.69598 -0.390225 -0.602774 0.491115 -0.357116 0.794528
288 -0.751457 0.224857 -0.13736 -0.0141 0.0428 -0.999 0.559256 0.96646 -0.517688 -0.855067 -0.0293268 0.857158 -0.513922 -0.0341159
289 -0.794066 0.378533 -0.130212 -0.0078 0.0471 -0.9989 0.551126 0.974922 -0.516306 -0.855634 -0.036313 0.857169 -0.514105 -0.0309343
290 -0.696863 0.260638 -0.136762 -0.014 0.0428 -0.999 0.554909 0.964406 -0.517788 -0.855004 -0.0293746 0.857157 -0.51393 -0.0340304
291 -0.794066 0.378533 -0.130212 -0.0078 0.0471 -0.9989 0.551126 0.974922 -0.516306 -0.855634 -0.036313 0.857169 -0.514105 -0.0309343
292 -0.751457 0.224857 -0.13736 -0.0141 0.0428 -0.999 0.559256 0.96646 -0.517688 -0.855067 -0.0293268 0.857158 -0.513922 -0.0341159
293 -1.02016 0.38677 -0.126827 0.0841 -0.0242 -0.9962 0.559205 0.989342 -0.518291 -0.854895 -0.0229872 0.851185 -0.518028 0.0844407
294 -0.794066 0.378533 -0.130212 -0.0078 0.0471 -0.9989 0.551126 0.974922 -0.516306 -0.855634 -0.036313 0.857169 -0.514105 -0.0309343
295 -1.02016 0.38677 -0.126827 0.0841 -0.0242 -0.9962 0.559205 0.989342 -0.518291 -0.854895 -0.0229872 0.851185 -0.518028 0.0844407
296 -1.003 0.411354 -0.12596 0.0789 -0.0093 -0.9968 0.556992 0.989199 -0.516708 -0.855529 -0.0329176 0.852232 -0.518145 0.0722943
297 -0.738325 0.360399 -0.129943 -0.0028 0.0506 -0.9987 0.550149 0.970741 -0.513716 -0.856933 -0.0419774 0.857125 -0.514321 -0.0284614
298 -0.929422 0.559851 -0.12027 0.0946 -0.0035 -0.9955 0.544769 0.990211 -0.514932 -0.856 -0.0459233 0.851961 -0.51702 0.0827772
299 -0.659107 0.393138 -0.128166 -0.0028 0.0506 -0.9987 0.545052 0.967019 -0.515481 -0.855875 -0.0419185 0.857142 -0.514293 -0.0284601
300 -0.929422 0.559851 -0.12027 0.0946 -0.0035 -0.9955 0.544769 0.990211 -0.514932 -0.856 -0.0459233 0.851961 -0.51702 0.0827772
301 -0.738325 0.360399 -0.129943 -0.0028 0.0506 -0.9987 0.550149 0.970741 -0.513716 -0.856933 -0.0419774 0.857125 -0.514321 -0.0284614
302 -0.794066 0.378533 -0.130212 -0.0078 0.0471 -0.9989 0.551126 0.974922 -0.516306 -0.855634 -0.036313 0.857169 -0.514105 -0.0309343
303 -0.929422 0.559851 -0.12027 0.0946 -0.0035 -0.9955 0.544769 0.990211 -0.514932 -0.856 -0.0459233 0.851961 -0.51702 0.0827772
304 -0.794066 0.378533 -0.130212 -0.0078 0.0471 -0.9989 0.551126 0.974922 -0.516306 -0.855634 -0.036313 0.857169 -0.514105 -0.0309343
305 -1.003 0.411354 -0.12596 0.0789 -0.0093 -0.9968 0.556992 0.989199 -0.516708 -0.855529 -0.0329176 0.852232 -0.518145 0.0722943
306 -0.975064 0.478958 -0.65126 0.8552 -0.5184 0.0007 0.769407 0.936953 0.518329 0.855068 0.0138912 0.000904362 0.000139609 -1
307 -0.937744 0.56859 -0.269051 0.9222 -0.3867 -0.0001 0.776527 0.96503 0.386667 0.922118 0.0136923 0.000460298 0.00135646 -0.999999
308 -0.975702 0.477702 -0.269051 0.8873 -0.4612 -0.0008 0.76932 0.965122 0.461198 0.887291 0.00323537 -0.000486639 0.000798408 -1
309 -0.937744 0.56859 -0.269051 0.9222 -0.3867 -0.0001 0.776527 0.96503 0.386667 0.922118 0.0136923 0.000460298 0.00135646 -0.999999
310 -0.975064 0.478958 -0.65126 0.8552 -0.5184 0.0007 0.769407 0.936953 0.518329 0.855068 0.0138912 0.000904362 0.000139609 -1
311 -0.963167 0.513362 -0.571836 0.9251 -0.3798 -0.0039 0.772044 0.942759 0.379794 0.924874 0.0190724 -0.00192564 0.005574 -0.999983
312 -0.937744 0.56859 -0.269051 0.9222 -0.3867 -0.0001 0.776527 0.96503 0.386667 0.922118 0.0136923 0.000460298 0.00135646 -0.999999
313 -0.963167 0.513362 -0.571836 0.9251 -0.3798 -0.0039 0.772044 0.942759 0.379794 0.924874 0.0190724 -0.00192564 0.005574 -0.999983
314 -0.938105 0.569014 -0.563059 0.9251 -0.3798 -0.0039 0.776527 0.943359 0.379804 0.925007 0.0105602 -0.00327819 0.00228404 -0.999992
315 -1.03101 0.391465 -0.529067 0.8431 -0.5378 0.0014 0.761733 0.945946 0.537789 0.843078 -0.00189244 0.00152071 -0.000219262 -0.999999
316 -0.975702 0.477702 -0.269051 0.8873 -0.4612 -0.0008 0.76932 0.965122 0.461198 0.887291 0.00323537 -0.000486639 0.000798408 -1
317 -1.03101 0.391465 -0.269051 0.8461 -0.5331 -0.0015 0.761745 0.965109 0.533075 0.846066 -0.00170704 -0.00107159 0.00111115 -0.999999
318 -0.975702 0.477702 -0.269051 0.8873 -0.4612 -0.0008 0.76932 0.965122 0.461198 0.887291 0.00323537 -0.000486639 0.000798408 -1
319 -1.03101 0.391465 -0.529067 0.8431 -0.5378 0.0014 0.761733 0.945946 0.537789 0.843078 -0.00189244 0.00152071 -0.000219262 -0.999999
320 -0.981429 0.466941 -0.715329 0.8431 -0.5378 0.0014 0.7684 0.932236 0.537788 0.84308 0.000165661 0.00152125 -0.000218347 -0.999999
321 -0.975702 0.477702 -0.269051 0.8873 -0.4612 -0.0008 0.76932 0.965122 0.461198 0.887291 0.00323537 -0.000486639 0.000798408 -1
322 -0.981429 0.466941 -0.715329 0.8431 -0.5378 0.0014 0.7684 0.932236 0.537788 0.84308 0.000165661 0.00152125 -0.000218347 -0.999999
323 -0.975064 0.478958 -0.65126 0.8552 -0.5184 0.0007 0.769407 0.936953 0.518329 0.855068 0.0138912 0.000904362 0.000139609 -1
324 -0.794023 0.37816 -0.122215 0.0077 -0.047 0.9989 0.193773 0.980042 -0.513419 -0.857367 -0.0363828 -0.856972 0.514442 0.0308113
325 -0.751321 0.224663 -0.129359 0.0138 -0.0429 0.999 0.201886 0.988416 -0.515144 -0.85659 -0.0296684 -0.856926 0.514322 0.0339239
326 -0.696728 0.260443 -0.128761 0.0138 -0.0429 0.999 0.197537 0.990467 -0.515273 -0.856512 -0.0296634 -0.856911 0.514346 0.0339247
327 -0.751321 0.224663 -0.129359 0.0138 -0.0429 0.999 0.201886 0.988416 -0.515144 -0.85659 -0.0296684 -0.856926 0.514322 0.0339239
328 -0.794023 0.37816 -0.122215 0.0077 -0.047 0.9989 0.193773 0.980042 -0.513419 -0.857367 -0.0363828 -0.856972 0.514442 0.0308113
329 -1.02084 0.387045 -0.118855 -0.09 0.0281 0.9955 0.201846 0.965636 -0.51622 -0.85616 -0.0225029 -0.851817 0.515773 -0.0915702
330 -1.02084 0.387045 -0.118855 -0.09 0.0281 0.9955 0.201846 0.965636 -0.51622 -0.85616 -0.0225029 -0.851817 0.515773 -0.0915702
331 -0.794023 0.37816 -0.122215 0.0077 -0.047 0.9989 0.193773 0.980042 -0.513419 -0.857367 -0.0363828 -0.856972 0.514442 0.0308113
332 -1.00364 0.411446 -0.117981 -0.0853 0.0126 0.9963 0.199643 0.965794 -0.513898 -0.85721 -0.0331571 -0.853011 0.515794 -0.0795531
333 -0.930203 0.559815 -0.112303 -0.1018 0.0072 0.9948 0.187432 0.964822 -0.511653 -0.857952 -0.0461487 -0.851628 0.516206 -0.090886
334 -0.738363 0.359872 -0.121955 0.0027 -0.0504 0.9987 0.19281 0.984201 -0.510257 -0.858997 -0.0419711 -0.857062 0.514436 0.028278
335 -0.659145 0.392611 -0.120178 0.0027 -0.0504 0.9987 0.187713 0.987914 -0.512514 -0.857656 -0.0418967 -0.85704 0.514473 0.02828
336 -0.738363 0.359872 -0.121955 0.0027 -0.0504 0.9987 0.19281 0.984201 -0.510257 -0.858997 -0.0419711 -0.857062 0.514436 0.028278
337 -0.930203 0.559815 -0.112303 -0.1018 0.0072 0.9948 0.187432 0.964822 -0.511653 -0.857952 -0.0461487 -0.851628 0.516206 -0.090886
338 -0.794023 0.37816 -0.122215 0.0077 -0.047 0.9989 0.193773 0.980042 -0.513419 -0.857367 -0.0363828 -0.856972 0.514442 0.0308113
339 -0.794023 0.37816 -0.122215 0.0077 -0.047 0.9989 0.193773 0.980042 -0.513419 -0.857367 -0.0363828 -0.856972 0.514442 0.0308113
340 -0.930203 0.559815 -0.112303 -0.1018 0.0072 0.9948 0.187432 0.964822 -0.511653 -0.857952 -0.0461487 -0.851628 0.516206 -0.090886
341 -1.00364 0.411446 -0.117981 -0.0853 0.0126 0.9963 0.199643 0.965794 -0.513898 -0.85721 -0.0331571 -0.853011 0.515794 -0.0795531
342 -0.945127 0.571685 -0.26905 -0.9224 0.3863 0.0001 0.264174 0.942839 0.386272 0.922327 0.0103046 -0.00021739 -0.00077755 1
343 -0.98191 0.483107 -0.651266 -0.8548 0.5189 -0.0007 0.257097 0.970927 0.518872 0.854787 0.0105074 -0.000554787 0.000433921 1
344 -0.982806 0.481394 -0.269045 -0.8874 0.4611 0.0008 0.256968 0.942775 0.461074 0.88736 -0.00174591 0.000470985 -0.000828365 1
345 -0.98191 0.483107 -0.651266 -0.8548 0.5189 -0.0007 0.257097 0.970927 0.518872 0.854787 0.0105074 -0.000554787 0.000433921 1
346 -0.945127 0.571685 -0.26905 -0.9224 0.3863 0.0001 0.264174 0.942839 0.386272 0.922327 0.0103046 -0.00021739 -0.00077755 1
347 -0.970572 0.516402 -0.571805 -0.9253 0.3792 0.0038 0.259669 0.965112 0.379211 0.925167 0.016262 0.00236543 -0.00424976 0.999988
348 -0.970572 0.516402 -0.571805 -0.9253 0.3792 0.0038 0.259669 0.965112 0.379211 0.925167 0.016262 0.00236543 -0.00424976 0.999988
349 -0.945127 0.571685 -0.26905 -0.9224 0.3863 0.0001 0.264174 0.942839 0.386272 0.922327 0.0103046 -0.00021739 -0.00077755 1
350 -0.94551 0.572054 -0.563028 -0.9253 0.3791 0.0038 0.264174 0.964494 0.379137 0.925318 0.00648272 0.00326321 -0.00205838 0.999993
351 -0.982806 0.481394 -0.269045 -0.8874 0.4611 0.0008 0.256968 0.942775 0.461074 0.88736 -0.00174591 0.000470985 -0.000828365 1
352 -1.03776 0.39577 -0.529078 -0.843 0.538 -0.0013 0.249459 0.961979 0.537969 0.842934 -0.00715869 -0.00139479 0.000230925 0.999999
353 -1.03778 0.395732 -0.269039 -0.846 0.5332 0.0015 0.249465 0.942827 0.533173 0.845977 -0.00697136 0.0015461 -0.000359635 0.999999
354 -1.03776 0.39577 -0.529078 -0.843 0.538 -0.0013 0.249459 0.961979 0.537969 0.842934 -0.00715869 -0.00139479 0.000230925 0.999999
355 -0.982806 0.481394 -0.269045 -0.8874 0.4611 0.0008 0.256968 0.942775 0.461074 0.88736 -0.00174591 0.000470985 -0.000828365 1
356 -0.988178 0.471246 -0.715339 -0.843 0.5379 -0.0013 0.256102 0.975645 0.537903 0.842994 -0.00455525 -0.00143337 0.000170416 0.999999
357 -0.988178 0.471246 -0.715339 -0.843 0.5379 -0.0013 0.256102 0.975645 0.537903 0.842994 -0.00455525 -0.00143337 0.000170416 0.999999
358 -0.982806 0.481394 -0.269045 -0.8874 0.4611 0.0008 0.256968 0.942775 0.461074 0.88736 -0.00174591 0.000470985 -0.000828365 1
359 -0.98191 0.483107 -0.651266 -0.8548 0.5189 -0.0007 0.257097 0.970927 0.518872 0.854787 0.0105074 -0.000554787 0.000433921 1
