0 0.88539 0.994171 -0.924311 0.3827 0.9239 0 0.507216 0.226059 0 0 -1 0.923877 -0.38269 0
1 0.88539 0.994171 -0.910091 0.3827 0.9239 0 0.506164 0.226059 0 0 -1 0.923877 -0.38269 0
2 0.897144 0.989302 -0.910091 0.3827 0.9239 0 0.506164 0.225118 0 0 -1 0.923877 -0.38269 0
3 0.88539 0.994171 -0.924311 0.3827 0.9239 0 0.507216 0.226059 0 0 -1 0.923877 -0.38269 0
4 0.897144 0.989302 -0.910091 0.3827 0.9239 0 0.506164 0.225118 0 0 -1 0.923877 -0.38269 0
5 0.897144 0.989302 -0.924311 0.3827 0.9239 0 0.507216 0.225118 0 0 -1 0.923877 -0.38269 0
6 0.897144 0.989302 -0.924311 0.9239 0.3827 0 0.215411 0.726845 0 0 -1 0.38269 -0.923877 0
7 0.897144 0.989302 -0.910091 0.9239 0.3827 0 0.214359 0.726845 0 0 -1 0.38269 -0.923877 0
8 0.902013 0.977548 -0.910091 0.9239 0.3827 0 0.214359 0.72618 0 0 -1 0.38269 -0.923877 0
9 0.897144 0.989302 -0.924311 0.9239 0.3827 0 0.215411 0.726845 0 0 -1 0.38269 -0.923877 0
10 0.902013 0.977548 -0.910091 0.9239 0.3827 0 0.214359 0.72618 0 0 -1 0.38269 -0.923877 0
11 0.902013 0.977548 -0.924311 0.9239 0.3827 0 0.215411 0.72618 0 0 -1 0.38269 -0.923877 0
12 0.902013 0.977548 -0.924311 0.9239 -0.3827 0 0.215411 0.72618 0 0 -1 -0.38269 -0.923877 0
13 0.902013 0.977548 -0.910091 0.9239 -0.3827 0 0.214359 0.72618 0 0 -1 -0.38269 -0.923877 0
14 0.897144 0.965794 -0.910091 0.9239 -0.3827 0 0.214359 0.725239 0 0 -1 -0.38269 -0.923877 0
15 0.902013 0.977548 -0.924311 0.9239 -0.3827 0 0.215411 0.72618 0 0 -1 -0.38269 -0.923877 0
16 0.897144 0.965794 -0.910091 0.9239 -0.3827 0 0.214359 0.725239 0 0 -1 -0.38269 -0.923877 0
17 0.897144 0.965794 -0.924311 0.9239 -0.3827 0 0.215411 0.725239 0 0 -1 -0.38269 -0.923877 0
18 0.897144 0.965794 -0.924311 0.3827 -0.9239 0 0.215411 0.725239 0 0 -1 -0.923877 -0.38269 0
19 0.897144 0.965794 -0.910091 0.3827 -0.9239 0 0.214359 0.725239 0 0 -1 -0.923877 -0.38269 0
20 0.88539 0.960925 -0.910091 0.3827 -0.9239 0 0.214359 0.724574 0 0 -1 -0.923877 -0.38269 0
21 0.897144 0.965794 -0.924311 0.3827 -0.9239 0 0.215411 0.725239 0 0 -1 -0.923877 -0.38269 0
22 0.88539 0.960925 -0.910091 0.3827 -0.9239 0 0.214359 0.724574 0 0 -1 -0.923877 -0.38269 0
23 0.88539 0.960925 -0.924311 0.3827 -0.9239 0 0.215411 0.724574 0 0 -1 -0.923877 -0.38269 0
24 0.88539 0.960925 -0.924311 -0.3827 -0.9239 0 0.539411 0.226049 0.923877 -0.38269 0 0 0 -1
25 0.88539 0.960925 -0.910091 -0.3827 -0.9239 0 0.539411 0.227101 0.923877 -0.38269 0 0 0 -1
26 0.873636 0.965794 -0.910091 -0.3827 -0.9239 0 0.53847 0.227101 0.923877 -0.38269 0 0 0 -1
27 0.88539 0.960925 -0.924311 -0.3827 -0.9239 0 0.539411 0.226049 0.923877 -0.38269 0 0 0 -1
28 0.873636 0.965794 -0.910091 -0.3827 -0.9239 0 0.53847 0.227101 0.923877 -0.38269 0 0 0 -1
29 0.873636 0.965794 -0.924311 -0.3827 -0.9239 0 0.53847 0.226049 0.923877 -0.38269 0 0 0 -1
30 0.873636 0.965794 -0.924311 -0.9239 -0.3827 0 0.509362 0.226724 0 0 -1 -0.38269 0.923877 0
31 0.873636 0.965794 -0.910091 -0.9239 -0.3827 0 0.50831 0.226724 0 0 -1 -0.38269 0.923877 0
32 0.868767 0.977548 -0.910091 -0.9239 -0.3827 0 0.50831 0.226059 0 0 -1 -0.38269 0.923877 0
33 0.873636 0.965794 -0.924311 -0.9239 -0.3827 0 0.509362 0.226724 0 0 -1 -0.38269 0.923877 0
34 0.868767 0.977548 -0.910091 -0.9239 -0.3827 0 0.50831 0.226059 0 0 -1 -0.38269 0.923877 0
35 0.868767 0.977548 -0.924311 -0.9239 -0.3827 0 0.509362 0.226059 0 0 -1 -0.38269 0.923877 0
36 0.868767 0.977548 -0.924311 -0.9239 0.3827 0 0.509362 0.226059 0 0 -1 0.38269 0.923877 0
37 0.868767 0.977548 -0.910091 -0.9239 0.3827 0 0.50831 0.226059 0 0 -1 0.38269 0.923877 0
38 0.873636 0.989302 -0.910091 -0.9239 0.3827 0 0.50831 0.225118 0 0 -1 0.38269 0.923877 0
39 0.868767 0.977548 -0.924311 -0.9239 0.3827 0 0.509362 0.226059 0 0 -1 0.38269 0.923877 0
40 0.873636 0.989302 -0.910091 -0.9239 0.3827 0 0.50831 0.225118 0 0 -1 0.38269 0.923877 0
41 0.873636 0.989302 -0.924311 -0.9239 0.3827 0 0.509362 0.225118 0 0 -1 0.38269 0.923877 0
42 0.873636 0.989302 -0.924311 -0.3827 0.9239 0 0.507216 0.226724 0 0 -1 0.923877 0.38269 0
43 0.873636 0.989302 -0.910091 -0.3827 0.9239 0 0.506164 0.226724 0 0 -1 0.923877 0.38269 0
44 0.88539 0.994171 -0.910091 -0.3827 0.9239 0 0.506164 0.226059 0 0 -1 0.923877 0.38269 0
45 0.873636 0.989302 -0.924311 -0.3827 0.9239 0 0.507216 0.226724 0 0 -1 0.923877 0.38269 0
46 0.88539 0.994171 -0.910091 -0.3827 0.9239 0 0.506164 0.226059 0 0 -1 0.923877 0.38269 0
47 0.88539 0.994171 -0.924311 -0.3827 0.9239 0 0.507216 0.226059 0 0 -1 0.923877 0.38269 0
48 0.873636 0.965794 -0.910091 0 0 1 0.474325 0.226961 -0.382697 0.923874 0 0.924204 0.381898 0
49 0.873636 0.989302 -0.910091 0 0 1 0.475932 0.226295 -0.382692 0.923876 0 0.924121 0.382101 0
50 0.868767 0.977548 -0.910091 0 0 1 0.475266 0.226961 -0.382705 0.92387 0 0.924233 0.381829 0
51 0.873636 0.989302 -0.910091 0 0 1 0.475932 0.226295 -0.382692 0.923876 0 0.924121 0.382101 0
52 0.873636 0.965794 -0.910091 0 0 1 0.474325 0.226961 -0.382697 0.923874 0 0.924204 0.381898 0
53 0.88539 0.960925 -0.910091 0 0 1 0.47366 0.226295 -0.382679 0.923881 0 0.924008 0.382372 0
54 0.873636 0.989302 -0.910091 0 0 1 0.475932 0.226295 -0.382692 0.923876 0 0.924121 0.382101 0
55 0.88539 0.960925 -0.910091 0 0 1 0.47366 0.226295 -0.382679 0.923881 0 0.924008 0.382372 0
56 0.88539 0.994171 -0.910091 0 0 1 0.475932 0.225355 -0.38268 0.923881 0 0.923797 0.382882 0
57 0.88539 0.994171 -0.910091 0 0 1 0.475932 0.225355 -0.38268 0.923881 0 0.923797 0.382882 0
58 0.88539 0.960925 -0.910091 0 0 1 0.47366 0.226295 -0.382679 0.923881 0 0.924008 0.382372 0
59 0.897144 0.965794 -0.910091 0 0 1 0.47366 0.225355 -0.382687 0.923878 0 0.923747 0.383003 0
60 0.88539 0.994171 -0.910091 0 0 1 0.475932 0.225355 -0.38268 0.923881 0 0.923797 0.382882 0
61 0.897144 0.965794 -0.910091 0 0 1 0.47366 0.225355 -0.382687 0.923878 0 0.923747 0.383003 0
62 0.897144 0.989302 -0.910091 0 0 1 0.475266 0.224689 -0.382689 0.923877 0 0.923611 0.383332 0
63 0.897144 0.989302 -0.910091 0 0 1 0.475266 0.224689 -0.382689 0.923877 0 0.923611 0.383332 0
64 0.897144 0.965794 -0.910091 0 0 1 0.47366 0.225355 -0.382687 0.923878 0 0.923747 0.383003 0
65 0.902013 0.977548 -0.910091 0 0 1 0.474325 0.224689 -0.382705 0.92387 0 0.923667 0.383195 0
66 0.873636 0.989302 -0.924311 0 0 -1 0.482929 0.226295 0.382962 -0.923764 0 0.923735 0.383033 0
67 0.873636 0.965794 -0.924311 0 0 -1 0.484535 0.226961 0.382751 -0.923852 0 0.923717 0.383075 0
68 0.868767 0.977548 -0.924311 0 0 -1 0.483594 0.226961 0.382705 -0.92387 0 0.923667 0.383195 0
69 0.873636 0.965794 -0.924311 0 0 -1 0.484535 0.226961 0.382751 -0.923852 0 0.923717 0.383075 0
70 0.873636 0.989302 -0.924311 0 0 -1 0.482929 0.226295 0.382962 -0.923764 0 0.923735 0.383033 0
71 0.88539 0.994171 -0.924311 0 0 -1 0.482929 0.225355 0.382886 -0.923796 0 0.923884 0.382672 0
72 0.873636 0.965794 -0.924311 0 0 -1 0.484535 0.226961 0.382751 -0.923852 0 0.923717 0.383075 0
73 0.88539 0.994171 -0.924311 0 0 -1 0.482929 0.225355 0.382886 -0.923796 0 0.923884 0.382672 0
74 0.88539 0.960925 -0.924311 0 0 -1 0.485201 0.226295 0.382305 -0.924036 0 0.923734 0.383035 0
75 0.88539 0.960925 -0.924311 0 0 -1 0.485201 0.226295 0.382305 -0.924036 0 0.923734 0.383035 0
76 0.88539 0.994171 -0.924311 0 0 -1 0.482929 0.225355 0.382886 -0.923796 0 0.923884 0.382672 0
77 0.897144 0.965794 -0.924311 0 0 -1 0.485201 0.225355 0.382687 -0.923878 0 0.92403 0.38232 0
78 0.897144 0.965794 -0.924311 0 0 -1 0.485201 0.225355 0.382687 -0.923878 0 0.92403 0.38232 0
79 0.88539 0.994171 -0.924311 0 0 -1 0.482929 0.225355 0.382886 -0.923796 0 0.923884 0.382672 0
80 0.897144 0.989302 -0.924311 0 0 -1 0.483594 0.224689 0.382689 -0.923877 0 0.924176 0.381966 0
81 0.897144 0.965794 -0.924311 0 0 -1 0.485201 0.225355 0.382687 -0.923878 0 0.92403 0.38232 0
82 0.897144 0.989302 -0.924311 0 0 -1 0.483594 0.224689 0.382689 -0.923877 0 0.924176 0.381966 0
83 0.902013 0.977548 -0.924311 0 0 -1 0.484535 0.224689 0.382705 -0.92387 0 0.924233 0.381829 0
