0 -0.582219 0.694344 -0.041788 -0.7102 0.1504 -0.6878 0.408749 0.660795 0.32461 -0.796942 -0.509422 0.53505 0.750279 -0.388334
1 -0.582739 0.588555 0.068871 -0.871 -0.4653 -0.1575 0.408749 0.671894 0.472346 -0.705201 -0.528755 -0.137645 0.538962 -0.831008
2 -0.581263 0.596712 0.076677 -0.7274 0.3288 0.6023 0.407907 0.671894 -0.639986 -0.641737 -0.422601 -0.211833 0.727263 -0.652851
3 -0.582219 0.694344 -0.041788 -0.7102 0.1504 -0.6878 0.408749 0.660795 0.32461 -0.796942 -0.509422 0.53505 0.750279 -0.388334
4 -0.581263 0.596712 0.076677 -0.7274 0.3288 0.6023 0.407907 0.671894 -0.639986 -0.641737 -0.422601 -0.211833 0.727263 -0.652851
5 -0.580743 0.702502 -0.033982 -0.592 0.8034 -0.0629 0.407907 0.660795 -0.448721 -0.393548 -0.802353 0.446666 0.262282 -0.855393
6 -0.571309 0.704078 -0.032431 0.102 0.9923 0.0697 0.288169 0.83261 0.97926 -0.0878492 -0.182569 0.0795921 -0.0780497 0.993767
7 -0.571829 0.598289 0.078228 0.1266 0.5727 0.81 0.288169 0.821487 0.987663 -0.148639 -0.0492816 -0.0939266 -0.805935 0.584505
8 -0.56328 0.594971 0.075097 0.8696 0.1742 0.462 0.288885 0.821487 0.478236 -0.529916 -0.700343 -0.15179 -0.796063 0.585869
9 -0.571309 0.704078 -0.032431 0.102 0.9923 0.0697 0.288169 0.83261 0.97926 -0.0878492 -0.182569 0.0795921 -0.0780497 0.993767
10 -0.56328 0.594971 0.075097 0.8696 0.1742 0.462 0.288885 0.821487 0.478236 -0.529916 -0.700343 -0.15179 -0.796063 0.585869
11 -0.56276 0.700761 -0.035562 0.7142 0.677 -0.1777 0.288885 0.83261 0.6255 -0.731265 -0.272033 0.529593 -0.356698 0.769609
12 -0.56276 0.700761 -0.035562 0.7142 0.677 -0.1777 0.215182 0.665052 -0.220063 0.458206 0.861173 -0.529592 0.356697 -0.76961
13 -0.56328 0.594971 0.075097 0.8696 0.1742 0.462 0.215182 0.676152 -0.423312 0.74468 0.516003 0.224036 0.694619 -0.683603
14 -0.564756 0.586814 0.067291 0.726 -0.6199 -0.2978 0.214339 0.676152 0.657749 0.499436 0.563853 0.18214 0.590873 -0.785935
15 -0.56276 0.700761 -0.035562 0.7142 0.677 -0.1777 0.215182 0.665052 -0.220063 0.458206 0.861173 -0.529592 0.356697 -0.76961
16 -0.564756 0.586814 0.067291 0.726 -0.6199 -0.2978 0.214339 0.676152 0.657749 0.499436 0.563853 0.18214 0.590873 -0.785935
17 -0.564236 0.692603 -0.043368 0.5961 0.0239 -0.8026 0.214339 0.665052 0.670785 0.534552 0.514102 -0.441262 0.844821 -0.302599
18 -0.57367 0.691026 -0.044919 -0.0977 -0.1138 -0.9887 0.165661 0.83395 0.957225 -0.282612 -0.0620591 0.0848544 0.988873 -0.122186
19 -0.57419 0.585237 0.065739 -0.1279 -0.8343 -0.5363 0.165661 0.845073 0.990781 -0.131823 -0.0312182 0.0397496 0.535985 -0.843291
20 -0.582739 0.588555 0.068871 -0.871 -0.4653 -0.1575 0.165122 0.845161 0.472346 -0.705201 -0.528755 -0.137645 0.538962 -0.831008
21 -0.57367 0.691026 -0.044919 -0.0977 -0.1138 -0.9887 0.165661 0.83395 0.957225 -0.282612 -0.0620591 0.0848544 0.988873 -0.122186
22 -0.582739 0.588555 0.068871 -0.871 -0.4653 -0.1575 0.165122 0.845161 0.472346 -0.705201 -0.528755 -0.137645 0.538962 -0.831008
23 -0.582219 0.694344 -0.041788 -0.7102 0.1504 -0.6878 0.165122 0.834038 0.32461 -0.796942 -0.509422 0.53505 0.750279 -0.388334
24 -0.571309 0.704078 -0.032431 0.1022 0.9923 0.0697 0.451774 0.226767 -0.991542 0.0959858 0.0873584 -0.0797876 0.0779736 -0.993758
25 -0.56276 0.700761 -0.035562 0.7142 0.6771 -0.1777 0.451103 0.226515 -0.692497 0.720366 -0.038998 0.220151 -0.458134 -0.861189
26 -0.564236 0.692603 -0.043368 0.596 0.024 -0.8026 0.451103 0.225673 -0.796001 0.149316 -0.58659 -0.450774 -0.817177 -0.359201
27 -0.571309 0.704078 -0.032431 0.1022 0.9923 0.0697 0.451774 0.226767 -0.991542 0.0959858 0.0873584 -0.0797876 0.0779736 -0.993758
28 -0.564236 0.692603 -0.043368 0.596 0.024 -0.8026 0.451103 0.225673 -0.796001 0.149316 -0.58659 -0.450774 -0.817177 -0.359201
29 -0.57367 0.691026 -0.044919 -0.0978 -0.1138 -0.9887 0.451774 0.22542 -0.991571 0.0959783 0.0870368 -0.0851194 -0.988838 0.122288
30 -0.564756 0.586814 0.067291 0.726 -0.6199 -0.2978 0.214339 0.676152 0.657749 0.499436 0.563853 0.18214 0.590873 -0.785935
31 -0.56328 0.594971 0.075097 0.8696 0.1742 0.462 0.215182 0.676152 -0.423312 0.74468 0.516003 0.224036 0.694619 -0.683603
32 -0.565316 0.591189 0.077709 0.5676 -0.3128 0.7616 0.215094 0.676506 -0.0875687 0.896847 0.433585 0.775888 0.512672 -0.36765
33 -0.564756 0.586814 0.067291 0.726 -0.6199 -0.2978 0.214339 0.676152 0.657749 0.499436 0.563853 0.18214 0.590873 -0.785935
34 -0.565316 0.591189 0.077709 0.5676 -0.3128 0.7616 0.215094 0.676506 -0.0875687 0.896847 0.433585 0.775888 0.512672 -0.36765
35 -0.566485 0.584726 0.071525 0.4713 -0.8452 0.2522 0.214427 0.676506 0.328204 0.433411 0.839307 0.720609 0.204037 -0.662639
36 -0.56328 0.594971 0.075097 0.8696 0.1742 0.462 0.288885 0.821487 0.478236 -0.529916 -0.700343 -0.15179 -0.796063 0.585869
37 -0.571829 0.598289 0.078228 0.1266 0.5727 0.81 0.288169 0.821487 0.987663 -0.148639 -0.0492816 -0.0939266 -0.805935 0.584505
38 -0.572089 0.593818 0.08019 0.079 -0.0856 0.9932 0.288218 0.821135 0.959304 -0.264417 -0.0990915 -0.256878 -0.964408 -0.0626944
39 -0.56328 0.594971 0.075097 0.8696 0.1742 0.462 0.288885 0.821487 0.478236 -0.529916 -0.700343 -0.15179 -0.796063 0.585869
40 -0.572089 0.593818 0.08019 0.079 -0.0856 0.9932 0.288218 0.821135 0.959304 -0.264417 -0.0990915 -0.256878 -0.964408 -0.0626944
41 -0.565316 0.591189 0.077709 0.5676 -0.3128 0.7616 0.288786 0.821135 0.726058 -0.24594 -0.642147 -0.548391 -0.83359 0.066296
42 -0.580743 0.702502 -0.033982 -0.592 0.8035 -0.0629 0.452445 0.226515 -0.799647 -0.575884 0.170066 -0.448784 -0.393444 -0.802368
43 -0.571309 0.704078 -0.032431 0.1022 0.9923 0.0697 0.451774 0.226767 -0.991542 0.0959858 0.0873584 -0.0797876 0.0779736 -0.993758
44 -0.57367 0.691026 -0.044919 -0.0978 -0.1138 -0.9887 0.451774 0.22542 -0.991571 0.0959783 0.0870368 -0.0851194 -0.988838 0.122288
45 -0.580743 0.702502 -0.033982 -0.592 0.8035 -0.0629 0.452445 0.226515 -0.799647 -0.575884 0.170066 -0.448784 -0.393444 -0.802368
46 -0.57367 0.691026 -0.044919 -0.0978 -0.1138 -0.9887 0.451774 0.22542 -0.991571 0.0959783 0.0870368 -0.0851194 -0.988838 0.122288
47 -0.582219 0.694344 -0.041788 -0.7101 0.1504 -0.6878 0.452445 0.225673 -0.696292 -0.00473867 0.717743 0.217998 -0.88192 -0.417965
48 -0.564236 0.692603 -0.043368 0.5961 0.0239 -0.8025 0.166377 0.83395 0.670785 0.534552 0.514102 -0.441262 0.844821 -0.302599
49 -0.564756 0.586814 0.067291 0.726 -0.6199 -0.2978 0.166377 0.845073 0.657749 0.499436 0.563853 0.18214 0.590873 -0.785935
50 -0.57419 0.585237 0.065739 -0.1279 -0.8343 -0.5363 0.165661 0.845073 0.990781 -0.131823 -0.0312182 0.0397496 0.535985 -0.843291
51 -0.564236 0.692603 -0.043368 0.5961 0.0239 -0.8025 0.166377 0.83395 0.670785 0.534552 0.514102 -0.441262 0.844821 -0.302599
52 -0.57419 0.585237 0.065739 -0.1279 -0.8343 -0.5363 0.165661 0.845073 0.990781 -0.131823 -0.0312182 0.0397496 0.535985 -0.843291
53 -0.57367 0.691026 -0.044919 -0.0977 -0.1138 -0.9887 0.165661 0.83395 0.957225 -0.282612 -0.0620591 0.0848544 0.988873 -0.122186
54 -0.580743 0.702502 -0.033982 -0.592 0.8035 -0.0629 0.28763 0.832522 0.76923 0.586607 0.253332 -0.446725 -0.262143 0.855405
55 -0.581263 0.596712 0.076677 -0.7274 0.3288 0.6023 0.28763 0.821399 0.684742 0.290313 0.668466 0.0485683 -0.850856 0.523149
56 -0.571829 0.598289 0.078228 0.1266 0.5727 0.81 0.288169 0.821487 0.987663 -0.148639 -0.0492816 -0.0939266 -0.805935 0.584505
57 -0.580743 0.702502 -0.033982 -0.592 0.8035 -0.0629 0.28763 0.832522 0.76923 0.586607 0.253332 -0.446725 -0.262143 0.855405
58 -0.571829 0.598289 0.078228 0.1266 0.5727 0.81 0.288169 0.821487 0.987663 -0.148639 -0.0492816 -0.0939266 -0.805935 0.584505
59 -0.571309 0.704078 -0.032431 0.102 0.9923 0.0697 0.288169 0.83261 0.97926 -0.0878492 -0.182569 0.0795921 -0.0780497 0.993767
60 -0.572089 0.593818 0.08019 0.0789 -0.0856 0.9932 0.536958 0.226049 -0.991576 0.0959195 0.0870379 0.102879 0.991686 0.0772977
61 -0.579564 0.592569 0.078961 -0.4765 -0.2116 0.8533 0.53749 0.226249 -0.87132 0.243178 -0.426222 0.330343 0.856375 0.396857
62 -0.580733 0.586106 0.072776 -0.5728 -0.7441 0.3438 0.53749 0.226917 -0.811625 0.573577 -0.110791 -0.0896926 0.473816 0.876044
63 -0.572089 0.593818 0.08019 0.0789 -0.0856 0.9932 0.536958 0.226049 -0.991576 0.0959195 0.0870379 0.102879 0.991686 0.0772977
64 -0.580733 0.586106 0.072776 -0.5728 -0.7441 0.3438 0.53749 0.226917 -0.811625 0.573577 -0.110791 -0.0896926 0.473816 0.876044
65 -0.57396 0.583477 0.070296 -0.0842 -0.988 0.1298 0.536958 0.227117 -0.991558 0.0959603 0.0872082 0.0985959 0.121292 0.987708
66 -0.565316 0.591189 0.077709 0.5676 -0.3127 0.7616 0.536427 0.226249 -0.814786 -0.0806079 0.57413 -0.0875827 0.896876 0.433523
67 -0.572089 0.593818 0.08019 0.0789 -0.0856 0.9932 0.536958 0.226049 -0.991576 0.0959195 0.0870379 0.102879 0.991686 0.0772977
68 -0.57396 0.583477 0.070296 -0.0842 -0.988 0.1298 0.536958 0.227117 -0.991558 0.0959603 0.0872082 0.0985959 0.121292 0.987708
69 -0.565316 0.591189 0.077709 0.5676 -0.3127 0.7616 0.536427 0.226249 -0.814786 -0.0806079 0.57413 -0.0875827 0.896876 0.433523
70 -0.57396 0.583477 0.070296 -0.0842 -0.988 0.1298 0.536958 0.227117 -0.991558 0.0959603 0.0872082 0.0985959 0.121292 0.987708
71 -0.566485 0.584726 0.071525 0.4712 -0.8452 0.2521 0.536427 0.226917 -0.874592 -0.410659 0.257776 0.328221 0.433357 0.839329
72 -0.57419 0.585237 0.065739 -0.1279 -0.8343 -0.5363 0.165661 0.845073 0.990781 -0.131823 -0.0312182 0.0397496 0.535985 -0.843291
73 -0.564756 0.586814 0.067291 0.726 -0.6199 -0.2978 0.166377 0.845073 0.657749 0.499436 0.563853 0.18214 0.590873 -0.785935
74 -0.566485 0.584726 0.071525 0.4713 -0.8452 0.2521 0.166278 0.845425 0.861445 0.502437 0.073959 0.386001 -0.0593734 -0.920586
75 -0.57419 0.585237 0.065739 -0.1279 -0.8343 -0.5363 0.165661 0.845073 0.990781 -0.131823 -0.0312182 0.0397496 0.535985 -0.843291
76 -0.566485 0.584726 0.071525 0.4713 -0.8452 0.2521 0.166278 0.845425 0.861445 0.502437 0.073959 0.386001 -0.0593734 -0.920586
77 -0.57396 0.583477 0.070296 -0.0842 -0.988 0.1298 0.16571 0.845425 0.995542 -0.0889572 -0.0313398 0.064817 -0.135454 -0.988661
78 -0.571829 0.598289 0.078228 0.1266 0.5727 0.81 0.288169 0.821487 0.987663 -0.148639 -0.0492816 -0.0939266 -0.805935 0.584505
79 -0.581263 0.596712 0.076677 -0.7274 0.3288 0.6023 0.28763 0.821399 0.684742 0.290313 0.668466 0.0485683 -0.850856 0.523149
80 -0.579564 0.592569 0.078961 -0.4765 -0.2116 0.8533 0.287791 0.821065 0.87459 -0.0150829 0.484629 0.0839672 -0.977128 -0.195371
81 -0.571829 0.598289 0.078228 0.1266 0.5727 0.81 0.288169 0.821487 0.987663 -0.148639 -0.0492816 -0.0939266 -0.805935 0.584505
82 -0.579564 0.592569 0.078961 -0.4765 -0.2116 0.8533 0.287791 0.821065 0.87459 -0.0150829 0.484629 0.0839672 -0.977128 -0.195371
83 -0.572089 0.593818 0.08019 0.079 -0.0856 0.9932 0.288218 0.821135 0.959304 -0.264417 -0.0990915 -0.256878 -0.964408 -0.0626944
84 -0.581263 0.596712 0.076677 -0.7274 0.3288 0.6023 0.407907 0.671894 -0.639986 -0.641737 -0.422601 -0.211833 0.727263 -0.652851
85 -0.582739 0.588555 0.068871 -0.871 -0.4653 -0.1575 0.408749 0.671894 0.472346 -0.705201 -0.528755 -0.137645 0.538962 -0.831008
86 -0.580733 0.586106 0.072776 -0.5728 -0.7441 0.3439 0.408662 0.672249 0.0896204 -0.473839 -0.876039 -0.771511 0.34758 -0.532878
87 -0.581263 0.596712 0.076677 -0.7274 0.3288 0.6023 0.407907 0.671894 -0.639986 -0.641737 -0.422601 -0.211833 0.727263 -0.652851
88 -0.580733 0.586106 0.072776 -0.5728 -0.7441 0.3439 0.408662 0.672249 0.0896204 -0.473839 -0.876039 -0.771511 0.34758 -0.532878
89 -0.579564 0.592569 0.078961 -0.4765 -0.2117 0.8533 0.407994 0.672249 -0.330294 -0.856369 -0.396909 -0.714767 0.658413 -0.235798
90 -0.582739 0.588555 0.068871 -0.871 -0.4653 -0.1575 0.165122 0.845161 0.472346 -0.705201 -0.528755 -0.137645 0.538962 -0.831008
91 -0.57419 0.585237 0.065739 -0.1279 -0.8343 -0.5363 0.165661 0.845073 0.990781 -0.131823 -0.0312182 0.0397496 0.535985 -0.843291
92 -0.57396 0.583477 0.070296 -0.0842 -0.988 0.1298 0.16571 0.845425 0.995542 -0.0889572 -0.0313398 0.064817 -0.135454 -0.988661
93 -0.582739 0.588555 0.068871 -0.871 -0.4653 -0.1575 0.165122 0.845161 0.472346 -0.705201 -0.528755 -0.137645 0.538962 -0.831008
94 -0.57396 0.583477 0.070296 -0.0842 -0.988 0.1298 0.16571 0.845425 0.995542 -0.0889572 -0.0313398 0.064817 -0.135454 -0.988661
95 -0.580733 0.586106 0.072776 -0.5728 -0.7441 0.3439 0.165283 0.845495 0.762009 -0.637962 -0.111115 -0.297371 -0.202374 -0.933068
