0 -0.043056 -1.05449 -0.979021 -0.5493 0.8345 -0.0441 0.921057 0.268411 -0.0263329 -0.0700312 -0.997197 0.835222 0.54658 -0.0604518
1 -0.042331 -1.05256 -0.951553 -0.5493 0.8345 -0.0441 0.919019 0.268411 -0.0263245 -0.0700257 -0.997198 0.835222 0.54658 -0.0604513
2 -0.026442 -1.04216 -0.952703 -0.5493 0.8345 -0.0441 0.919019 0.267004 -0.0263329 -0.0700312 -0.997197 0.835222 0.54658 -0.0604518
3 -0.043056 -1.05449 -0.979021 -0.5493 0.8345 -0.0441 0.921057 0.268411 -0.0263329 -0.0700312 -0.997197 0.835222 0.54658 -0.0604518
4 -0.026442 -1.04216 -0.952703 -0.5493 0.8345 -0.0441 0.919019 0.267004 -0.0263329 -0.0700312 -0.997197 0.835222 0.54658 -0.0604518
5 -0.027168 -1.04409 -0.980171 -0.5493 0.8345 -0.0441 0.921057 0.267004 -0.0263498 -0.0700423 -0.997196 0.835222 0.54658 -0.0604528
6 -0.027168 -1.04409 -0.980171 0.2021 0.9766 -0.0739 0.921057 0.267004 -0.0263515 -0.0700055 -0.997198 0.979012 -0.203474 -0.0115659
7 -0.026442 -1.04216 -0.952703 0.2021 0.9766 -0.0739 0.919019 0.267004 -0.0263512 -0.0700055 -0.997199 0.979012 -0.203474 -0.011566
8 -0.007818 -1.04603 -0.952923 0.2021 0.9766 -0.0739 0.919019 0.26601 -0.0263515 -0.0700055 -0.997198 0.979012 -0.203474 -0.0115659
9 -0.027168 -1.04409 -0.980171 0.2021 0.9766 -0.0739 0.921057 0.267004 -0.0263515 -0.0700055 -0.997198 0.979012 -0.203474 -0.0115659
10 -0.007818 -1.04603 -0.952923 0.2021 0.9766 -0.0739 0.919019 0.26601 -0.0263515 -0.0700055 -0.997198 0.979012 -0.203474 -0.0115659
11 -0.008544 -1.04796 -0.980391 0.2021 0.9766 -0.0739 0.921057 0.26601 -0.0263521 -0.0700053 -0.997199 0.979012 -0.203474 -0.0115656
12 -0.008544 -1.04796 -0.980391 0.8352 0.5466 -0.0605 0.521948 0.224104 0.0263896 0.0700506 0.997194 -0.549307 0.834456 -0.0441017
13 -0.007818 -1.04603 -0.952923 0.8352 0.5466 -0.0605 0.523986 0.224104 0.0263903 0.0700496 0.997194 -0.549307 0.834456 -0.0441009
14 0.002632 -1.06191 -0.952084 0.8352 0.5466 -0.0605 0.523986 0.225099 0.0263896 0.0700506 0.997194 -0.549307 0.834456 -0.0441017
15 -0.008544 -1.04796 -0.980391 0.8352 0.5466 -0.0605 0.521948 0.224104 0.0263896 0.0700506 0.997194 -0.549307 0.834456 -0.0441017
16 0.002632 -1.06191 -0.952084 0.8352 0.5466 -0.0605 0.523986 0.225099 0.0263896 0.0700506 0.997194 -0.549307 0.834456 -0.0441017
17 0.001906 -1.06384 -0.979552 0.8352 0.5466 -0.0605 0.521948 0.225099 0.0263882 0.0700527 0.997194 -0.549308 0.834456 -0.0441035
18 0.001906 -1.06384 -0.979552 0.979 -0.2035 -0.0116 0.521948 0.225099 0.0263723 0.0700296 0.997196 0.202118 0.976567 -0.0739274
19 0.002632 -1.06191 -0.952084 0.979 -0.2035 -0.0116 0.523986 0.225099 0.0263722 0.0700288 0.997196 0.202119 0.976568 -0.0739108
20 -0.001214 -1.08048 -0.950678 0.979 -0.2035 -0.0116 0.523986 0.226506 0.0263723 0.0700296 0.997196 0.202118 0.976567 -0.0739274
21 0.001906 -1.06384 -0.979552 0.979 -0.2035 -0.0116 0.521948 0.225099 0.0263723 0.0700296 0.997196 0.202118 0.976567 -0.0739274
22 -0.001214 -1.08048 -0.950678 0.979 -0.2035 -0.0116 0.523986 0.226506 0.0263723 0.0700296 0.997196 0.202118 0.976567 -0.0739274
23 -0.00194 -1.08241 -0.978145 0.979 -0.2035 -0.0116 0.521948 0.226506 0.0263727 0.0700313 0.997196 0.202117 0.976565 -0.0739606
24 -0.00194 -1.08241 -0.978145 0.5493 -0.8344 0.0441 0.942051 0.573411 -0.0263478 -0.0700493 -0.997196 -0.835192 -0.546626 0.0604552
25 -0.001214 -1.08048 -0.950678 0.5493 -0.8344 0.0441 0.940013 0.573411 -0.0263478 -0.0700493 -0.997196 -0.835192 -0.546626 0.0604552
26 -0.017102 -1.09088 -0.949528 0.5493 -0.8344 0.0441 0.940013 0.572416 -0.0263478 -0.0700493 -0.997196 -0.835192 -0.546626 0.0604552
27 -0.00194 -1.08241 -0.978145 0.5493 -0.8344 0.0441 0.942051 0.573411 -0.0263636 -0.0700597 -0.997194 -0.835192 -0.546626 0.0604517
28 -0.017102 -1.09088 -0.949528 0.5493 -0.8344 0.0441 0.940013 0.572416 -0.0263636 -0.0700597 -0.997194 -0.835192 -0.546626 0.0604517
29 -0.017828 -1.09281 -0.976995 0.5493 -0.8344 0.0441 0.942051 0.572416 -0.0263636 -0.0700597 -0.997194 -0.835192 -0.546626 0.0604517
30 -0.017828 -1.09281 -0.976995 -0.2021 -0.9766 0.0739 0.942051 0.572416 -0.0263473 -0.0700063 -0.997199 -0.979012 0.203474 0.011567
31 -0.017102 -1.09088 -0.949528 -0.2021 -0.9766 0.0739 0.940013 0.572416 -0.0263448 -0.0700069 -0.997199 -0.979012 0.203474 0.0115657
32 -0.035726 -1.08701 -0.949308 -0.2021 -0.9766 0.0739 0.940013 0.571009 -0.0263473 -0.0700063 -0.997199 -0.979012 0.203474 0.011567
33 -0.017828 -1.09281 -0.976995 -0.2021 -0.9766 0.0739 0.942051 0.572416 -0.0263473 -0.0700063 -0.997199 -0.979012 0.203474 0.011567
34 -0.035726 -1.08701 -0.949308 -0.2021 -0.9766 0.0739 0.940013 0.571009 -0.0263473 -0.0700063 -0.997199 -0.979012 0.203474 0.011567
35 -0.036452 -1.08894 -0.976775 -0.2021 -0.9766 0.0739 0.942051 0.571009 -0.0263524 -0.0700053 -0.997199 -0.979012 0.203475 0.0115696
36 -0.036452 -1.08894 -0.976775 -0.8352 -0.5466 0.0605 0.942051 0.571009 -0.0263857 -0.0700565 -0.997194 -0.549308 0.834456 -0.0441039
37 -0.035726 -1.08701 -0.949308 -0.8352 -0.5466 0.0605 0.940013 0.571009 -0.0263894 -0.0700509 -0.997194 -0.549308 0.834456 -0.0441044
38 -0.046176 -1.07114 -0.950147 -0.8352 -0.5466 0.0605 0.940013 0.570015 -0.0263857 -0.0700565 -0.997194 -0.549308 0.834456 -0.0441039
39 -0.036452 -1.08894 -0.976775 -0.8352 -0.5466 0.0605 0.942051 0.571009 -0.0263857 -0.0700565 -0.997194 -0.549308 0.834456 -0.0441039
40 -0.046176 -1.07114 -0.950147 -0.8352 -0.5466 0.0605 0.940013 0.570015 -0.0263857 -0.0700565 -0.997194 -0.549308 0.834456 -0.0441039
41 -0.046901 -1.07307 -0.977614 -0.8352 -0.5466 0.0605 0.942051 0.570015 -0.0263784 -0.0700676 -0.997193 -0.549308 0.834456 -0.0441029
42 -0.046901 -1.07307 -0.977614 -0.979 0.2035 0.0116 0.921057 0.269406 -0.0263704 -0.0700205 -0.997197 0.202118 0.976567 -0.073926
43 -0.046176 -1.07114 -0.950147 -0.979 0.2035 0.0116 0.919019 0.269406 -0.0263703 -0.07002 -0.997197 0.202119 0.976568 -0.0739082
44 -0.042331 -1.05256 -0.951553 -0.979 0.2035 0.0116 0.919019 0.268411 -0.0263704 -0.0700205 -0.997197 0.202118 0.976567 -0.073926
45 -0.046901 -1.07307 -0.977614 -0.979 0.2035 0.0116 0.921057 0.269406 -0.0263704 -0.0700205 -0.997197 0.202118 0.976567 -0.073926
46 -0.042331 -1.05256 -0.951553 -0.979 0.2035 0.0116 0.919019 0.268411 -0.0263704 -0.0700205 -0.997197 0.202118 0.976567 -0.073926
47 -0.043056 -1.05449 -0.979021 -0.979 0.2035 0.0116 0.921057 0.268411 -0.0263706 -0.0700215 -0.997197 0.202117 0.976565 -0.0739616
48 -0.017102 -1.09088 -0.949528 0.0263 0.07 0.9972 0.908962 0.26601 0.979008 -0.203495 -0.0115355 -0.20217 -0.97656 0.0738831
49 -0.046176 -1.07114 -0.950147 0.0263 0.07 0.9972 0.90656 0.267004 0.979007 -0.203501 -0.0115351 -0.202156 -0.976562 0.073883
50 -0.035726 -1.08701 -0.949308 0.0263 0.07 0.9972 0.907555 0.26601 0.97901 -0.203483 -0.0115364 -0.202198 -0.976554 0.0738834
51 -0.046176 -1.07114 -0.950147 0.0263 0.07 0.9972 0.90656 0.267004 0.979007 -0.203501 -0.0115351 -0.202156 -0.976562 0.073883
52 -0.017102 -1.09088 -0.949528 0.0263 0.07 0.9972 0.908962 0.26601 0.979008 -0.203495 -0.0115355 -0.20217 -0.97656 0.0738831
53 -0.001214 -1.08048 -0.950678 0.0263 0.07 0.9972 0.909957 0.267004 0.979002 -0.203523 -0.0115334 -0.20213 -0.976568 0.0738826
54 -0.046176 -1.07114 -0.950147 0.0263 0.07 0.9972 0.90656 0.267004 0.979007 -0.203501 -0.0115351 -0.202156 -0.976562 0.073883
55 -0.001214 -1.08048 -0.950678 0.0263 0.07 0.9972 0.909957 0.267004 0.979002 -0.203523 -0.0115334 -0.20213 -0.976568 0.0738826
56 -0.042331 -1.05256 -0.951553 0.0263 0.07 0.9972 0.90656 0.268411 0.979001 -0.203528 -0.0115331 -0.202142 -0.976565 0.0738828
57 -0.042331 -1.05256 -0.951553 0.0263 0.07 0.9972 0.90656 0.268411 0.979001 -0.203528 -0.0115331 -0.202142 -0.976565 0.0738828
58 -0.001214 -1.08048 -0.950678 0.0263 0.07 0.9972 0.909957 0.267004 0.979002 -0.203523 -0.0115334 -0.20213 -0.976568 0.0738826
59 0.002632 -1.06191 -0.952084 0.0263 0.07 0.9972 0.909957 0.268411 0.979002 -0.203525 -0.0115333 -0.202175 -0.976559 0.0738832
60 -0.042331 -1.05256 -0.951553 0.0263 0.07 0.9972 0.90656 0.268411 0.979001 -0.203528 -0.0115331 -0.202142 -0.976565 0.0738828
61 0.002632 -1.06191 -0.952084 0.0263 0.07 0.9972 0.909957 0.268411 0.979002 -0.203525 -0.0115333 -0.202175 -0.976559 0.0738832
62 -0.026442 -1.04216 -0.952703 0.0263 0.07 0.9972 0.907555 0.269406 0.979003 -0.203521 -0.0115336 -0.202168 -0.97656 0.0738831
63 -0.026442 -1.04216 -0.952703 0.0263 0.07 0.9972 0.907555 0.269406 0.979003 -0.203521 -0.0115336 -0.202168 -0.97656 0.0738831
64 0.002632 -1.06191 -0.952084 0.0263 0.07 0.9972 0.909957 0.268411 0.979002 -0.203525 -0.0115333 -0.202175 -0.976559 0.0738832
65 -0.007818 -1.04603 -0.952923 0.0263 0.07 0.9972 0.908962 0.269406 0.979009 -0.203489 -0.011536 -0.202185 -0.976556 0.0738833
66 -0.046901 -1.07307 -0.977614 -0.0263 -0.07 -0.9972 0.894898 0.59089 -0.978976 0.20365 0.0115238 -0.202226 -0.976548 0.0738838
67 -0.017828 -1.09281 -0.976995 -0.0263 -0.07 -0.9972 0.892496 0.589896 -0.978995 0.203557 0.0115309 -0.202199 -0.976553 0.0738835
68 -0.036452 -1.08894 -0.976775 -0.0263 -0.07 -0.9972 0.893903 0.589896 -0.978999 0.203537 0.0115324 -0.202281 -0.976537 0.0738844
69 -0.017828 -1.09281 -0.976995 -0.0263 -0.07 -0.9972 0.892496 0.589896 -0.978995 0.203557 0.0115309 -0.202199 -0.976553 0.0738835
70 -0.046901 -1.07307 -0.977614 -0.0263 -0.07 -0.9972 0.894898 0.59089 -0.978976 0.20365 0.0115238 -0.202226 -0.976548 0.0738838
71 -0.043056 -1.05449 -0.979021 -0.0263 -0.07 -0.9972 0.894898 0.592297 -0.978982 0.203622 0.0115259 -0.202128 -0.976568 0.0738826
72 -0.017828 -1.09281 -0.976995 -0.0263 -0.07 -0.9972 0.892496 0.589896 -0.978995 0.203557 0.0115309 -0.202199 -0.976553 0.0738835
73 -0.043056 -1.05449 -0.979021 -0.0263 -0.07 -0.9972 0.894898 0.592297 -0.978982 0.203622 0.0115259 -0.202128 -0.976568 0.0738826
74 -0.00194 -1.08241 -0.978145 -0.0263 -0.07 -0.9972 0.891501 0.59089 -0.979035 0.203366 0.0115453 -0.202139 -0.976566 0.0738827
75 -0.00194 -1.08241 -0.978145 -0.0263 -0.07 -0.9972 0.891501 0.59089 -0.979035 0.203366 0.0115453 -0.202139 -0.976566 0.0738827
76 -0.043056 -1.05449 -0.979021 -0.0263 -0.07 -0.9972 0.894898 0.592297 -0.978982 0.203622 0.0115259 -0.202128 -0.976568 0.0738826
77 0.001906 -1.06384 -0.979552 -0.0263 -0.07 -0.9972 0.891501 0.592297 -0.979001 0.203527 0.0115332 -0.202162 -0.976561 0.073883
78 0.001906 -1.06384 -0.979552 -0.0263 -0.07 -0.9972 0.891501 0.592297 -0.979001 0.203527 0.0115332 -0.202162 -0.976561 0.073883
79 -0.043056 -1.05449 -0.979021 -0.0263 -0.07 -0.9972 0.894898 0.592297 -0.978982 0.203622 0.0115259 -0.202128 -0.976568 0.0738826
80 -0.027168 -1.04409 -0.980171 -0.0263 -0.07 -0.9972 0.893903 0.593292 -0.979002 0.203522 0.0115335 -0.202133 -0.976567 0.0738827
81 0.001906 -1.06384 -0.979552 -0.0263 -0.07 -0.9972 0.891501 0.592297 -0.979001 0.203527 0.0115332 -0.202162 -0.976561 0.073883
82 -0.027168 -1.04409 -0.980171 -0.0263 -0.07 -0.9972 0.893903 0.593292 -0.979002 0.203522 0.0115335 -0.202133 -0.976567 0.0738827
83 -0.008544 -1.04796 -0.980391 -0.0263 -0.07 -0.9972 0.892496 0.593292 -0.97901 0.203483 0.0115364 -0.202182 -0.976557 0.0738833
