0 -0.263502 -0.060252 -0.089221 -0.9985 -0.0546 -0.0025 0.591529 0.226939 0.0546575 -0.997427 -0.0463947 -3.62584e-05 0.0464013 -0.998923
1 -0.264065 -0.049981 -0.088743 -0.9985 -0.0546 -0.0025 0.590768 0.226939 0.0546575 -0.997427 -0.0463946 -3.4173e-05 0.0463633 -0.998925
2 -0.264065 -0.048717 -0.115929 -0.9985 -0.0546 -0.0025 0.590768 0.224926 0.0546575 -0.997427 -0.0463867 -3.85341e-05 0.0464428 -0.998921
3 -0.263502 -0.060252 -0.089221 -0.9985 -0.0546 -0.0025 0.591529 0.226939 0.0546575 -0.997427 -0.0463947 -3.62584e-05 0.0464013 -0.998923
4 -0.264065 -0.048717 -0.115929 -0.9985 -0.0546 -0.0025 0.590768 0.224926 0.0546575 -0.997427 -0.0463867 -3.85341e-05 0.0464428 -0.998921
5 -0.263502 -0.058988 -0.116406 -0.9985 -0.0546 -0.0025 0.591529 0.224926 0.0546575 -0.99743 -0.0463221 -3.85915e-05 0.0464439 -0.998921
6 0.268838 -0.02986 -0.115052 0.9985 0.0546 0.0025 0.20406 0.580701 -0.0546575 0.99743 0.0463222 -3.85027e-05 0.0464423 -0.998921
7 0.268275 -0.019589 -0.114575 0.9985 0.0546 0.0025 0.204821 0.580701 -0.0546575 0.99743 0.0463222 -3.8503e-05 0.0464423 -0.998921
8 0.268275 -0.020853 -0.087389 0.9985 0.0546 0.0025 0.204821 0.582714 -0.0546575 0.99743 0.0463222 -3.85027e-05 0.0464423 -0.998921
9 0.268838 -0.02986 -0.115052 0.9985 0.0546 0.0025 0.20406 0.580701 -0.0546575 0.99743 0.0463222 -3.85027e-05 0.0464423 -0.998921
10 0.268275 -0.020853 -0.087389 0.9985 0.0546 0.0025 0.204821 0.582714 -0.0546575 0.99743 0.0463222 -3.85027e-05 0.0464423 -0.998921
11 0.268838 -0.031124 -0.087866 0.9985 0.0546 0.0025 0.20406 0.582714 -0.0546575 0.99743 0.0463223 -3.85022e-05 0.0464423 -0.998921
12 -0.175342 -0.045126 -0.088517 -0.0547 0.9974 0.0464 0.977681 0.654099 5.559e-06 -0.0464704 0.99892 -0.998503 -0.0546423 -0.00253985
13 -0.264065 -0.049981 -0.088743 -0.0547 0.9974 0.0464 0.977681 0.647528 5.56723e-06 -0.0464704 0.99892 -0.998503 -0.0546421 -0.00254357
14 -0.264065 -0.050116 -0.08583 -0.0547 0.9974 0.0464 0.977896 0.647528 9.67441e-06 -0.0464702 0.99892 -0.998503 -0.0546421 -0.0025436
15 -0.175342 -0.045126 -0.088517 -0.0547 0.9974 0.0464 0.977681 0.654099 5.559e-06 -0.0464704 0.99892 -0.998503 -0.0546423 -0.00253985
16 -0.264065 -0.050116 -0.08583 -0.0547 0.9974 0.0464 0.977896 0.647528 9.67441e-06 -0.0464702 0.99892 -0.998503 -0.0546421 -0.0025436
17 -0.175342 -0.045261 -0.085604 -0.0547 0.9974 0.0464 0.977896 0.654099 9.63523e-06 -0.0464702 0.99892 -0.998503 -0.0546421 -0.00254366
18 0.180114 -0.034715 -0.115278 0.0547 -0.9974 -0.0464 0.660598 0.942332 2.10867e-06 -0.0464706 0.99892 0.998503 0.0546421 0.00254375
19 0.268838 -0.02986 -0.115052 0.0547 -0.9974 -0.0464 0.660598 0.935761 1.44046e-06 -0.0464706 0.99892 0.998503 0.0546421 0.00254357
20 0.268838 -0.031124 -0.087866 0.0547 -0.9974 -0.0464 0.66261 0.935761 2.10867e-06 -0.0464706 0.99892 0.998503 0.0546421 0.00254375
21 0.180114 -0.034715 -0.115278 0.0547 -0.9974 -0.0464 0.660598 0.942332 2.10867e-06 -0.0464706 0.99892 0.998503 0.0546421 0.00254375
22 0.268838 -0.031124 -0.087866 0.0547 -0.9974 -0.0464 0.66261 0.935761 2.10867e-06 -0.0464706 0.99892 0.998503 0.0546421 0.00254375
23 0.180114 -0.035978 -0.088092 0.0547 -0.9974 -0.0464 0.66261 0.942332 3.44508e-06 -0.0464705 0.99892 0.998503 0.0546421 0.00254411
24 -0.175342 -0.043862 -0.115703 -0.0547 0.9974 0.0464 0.975668 0.654099 1.44039e-06 -0.0464706 0.99892 -0.998503 -0.0546423 -0.00254077
25 -0.264065 -0.048717 -0.115929 -0.0547 0.9974 0.0464 0.975668 0.647528 1.43713e-06 -0.0464706 0.99892 -0.998503 -0.0546421 -0.00254357
26 -0.264065 -0.049981 -0.088743 -0.0547 0.9974 0.0464 0.977681 0.647528 5.56723e-06 -0.0464704 0.99892 -0.998503 -0.0546421 -0.00254357
27 -0.175342 -0.043862 -0.115703 -0.0547 0.9974 0.0464 0.975668 0.654099 1.44039e-06 -0.0464706 0.99892 -0.998503 -0.0546423 -0.00254077
28 -0.264065 -0.049981 -0.088743 -0.0547 0.9974 0.0464 0.977681 0.647528 5.56723e-06 -0.0464704 0.99892 -0.998503 -0.0546421 -0.00254357
29 -0.175342 -0.045126 -0.088517 -0.0547 0.9974 0.0464 0.977681 0.654099 5.559e-06 -0.0464704 0.99892 -0.998503 -0.0546423 -0.00253985
30 0.268275 -0.019589 -0.114575 -0.0547 0.9974 0.0464 0.975668 0.686952 2.71457e-06 -0.0464705 0.99892 -0.998503 -0.0546425 -0.00253627
31 0.179551 -0.024444 -0.1148 -0.0547 0.9974 0.0464 0.975668 0.680381 2.85069e-06 -0.0464705 0.99892 -0.998503 -0.0546424 -0.0025381
32 0.179551 -0.025707 -0.087615 -0.0547 0.9974 0.0464 0.977681 0.680381 2.87399e-06 -0.0464705 0.99892 -0.998503 -0.0546424 -0.0025381
33 0.268275 -0.019589 -0.114575 -0.0547 0.9974 0.0464 0.975668 0.686952 2.71457e-06 -0.0464705 0.99892 -0.998503 -0.0546425 -0.00253627
34 0.179551 -0.025707 -0.087615 -0.0547 0.9974 0.0464 0.977681 0.680381 2.87399e-06 -0.0464705 0.99892 -0.998503 -0.0546424 -0.0025381
35 0.268275 -0.020853 -0.087389 -0.0547 0.9974 0.0464 0.977681 0.686952 1.44019e-06 -0.0464706 0.99892 -0.998503 -0.0546421 -0.0025441
36 0.179551 -0.024444 -0.1148 -0.0547 0.9974 0.0464 0.975668 0.680381 2.85069e-06 -0.0464705 0.99892 -0.998503 -0.0546424 -0.0025381
37 0.090828 -0.029298 -0.115026 -0.0547 0.9974 0.0464 0.975668 0.673811 1.36946e-06 -0.0464706 0.99892 -0.998503 -0.0546423 -0.00254106
38 0.090828 -0.030562 -0.087841 -0.0547 0.9974 0.0464 0.977681 0.673811 4.60238e-06 -0.0464704 0.99892 -0.998503 -0.0546423 -0.00254001
39 0.179551 -0.024444 -0.1148 -0.0547 0.9974 0.0464 0.975668 0.680381 2.85069e-06 -0.0464705 0.99892 -0.998503 -0.0546424 -0.0025381
40 0.090828 -0.030562 -0.087841 -0.0547 0.9974 0.0464 0.977681 0.673811 4.60238e-06 -0.0464704 0.99892 -0.998503 -0.0546423 -0.00254001
41 0.179551 -0.025707 -0.087615 -0.0547 0.9974 0.0464 0.977681 0.680381 2.87399e-06 -0.0464705 0.99892 -0.998503 -0.0546424 -0.0025381
42 0.090828 -0.029298 -0.115026 -0.0547 0.9974 0.0464 0.975668 0.673811 1.36946e-06 -0.0464706 0.99892 -0.998503 -0.0546423 -0.00254106
43 0.002105 -0.034153 -0.115252 -0.0547 0.9974 0.0464 0.975668 0.66724 1.43873e-06 -0.0464706 0.99892 -0.998503 -0.0546421 -0.0025439
44 0.002105 -0.035417 -0.088066 -0.0547 0.9974 0.0464 0.977681 0.66724 3.06995e-06 -0.0464705 0.99892 -0.998503 -0.0546423 -0.00253925
45 0.090828 -0.029298 -0.115026 -0.0547 0.9974 0.0464 0.975668 0.673811 1.36946e-06 -0.0464706 0.99892 -0.998503 -0.0546423 -0.00254106
46 0.002105 -0.035417 -0.088066 -0.0547 0.9974 0.0464 0.977681 0.66724 3.06995e-06 -0.0464705 0.99892 -0.998503 -0.0546423 -0.00253925
47 0.090828 -0.030562 -0.087841 -0.0547 0.9974 0.0464 0.977681 0.673811 4.60238e-06 -0.0464704 0.99892 -0.998503 -0.0546423 -0.00254001
48 0.002105 -0.034153 -0.115252 -0.0547 0.9974 0.0464 0.975668 0.66724 1.43873e-06 -0.0464706 0.99892 -0.998503 -0.0546421 -0.0025439
49 -0.086619 -0.039007 -0.115478 -0.0547 0.9974 0.0464 0.975668 0.660669 1.44391e-06 -0.0464706 0.99892 -0.998503 -0.0546424 -0.00253823
50 -0.086619 -0.040271 -0.088292 -0.0547 0.9974 0.0464 0.977681 0.660669 1.44225e-06 -0.0464706 0.99892 -0.998503 -0.0546423 -0.00254118
51 0.002105 -0.034153 -0.115252 -0.0547 0.9974 0.0464 0.975668 0.66724 1.43873e-06 -0.0464706 0.99892 -0.998503 -0.0546421 -0.0025439
52 -0.086619 -0.040271 -0.088292 -0.0547 0.9974 0.0464 0.977681 0.660669 1.44225e-06 -0.0464706 0.99892 -0.998503 -0.0546423 -0.00254118
53 0.002105 -0.035417 -0.088066 -0.0547 0.9974 0.0464 0.977681 0.66724 3.06995e-06 -0.0464705 0.99892 -0.998503 -0.0546423 -0.00253925
54 -0.086619 -0.039007 -0.115478 -0.0547 0.9974 0.0464 0.975668 0.660669 1.44391e-06 -0.0464706 0.99892 -0.998503 -0.0546424 -0.00253823
55 -0.175342 -0.043862 -0.115703 -0.0547 0.9974 0.0464 0.975668 0.654099 1.44039e-06 -0.0464706 0.99892 -0.998503 -0.0546423 -0.00254077
56 -0.175342 -0.045126 -0.088517 -0.0547 0.9974 0.0464 0.977681 0.654099 5.559e-06 -0.0464704 0.99892 -0.998503 -0.0546423 -0.00253985
57 -0.086619 -0.039007 -0.115478 -0.0547 0.9974 0.0464 0.975668 0.660669 1.44391e-06 -0.0464706 0.99892 -0.998503 -0.0546424 -0.00253823
58 -0.175342 -0.045126 -0.088517 -0.0547 0.9974 0.0464 0.977681 0.654099 5.559e-06 -0.0464704 0.99892 -0.998503 -0.0546423 -0.00253985
59 -0.086619 -0.040271 -0.088292 -0.0547 0.9974 0.0464 0.977681 0.660669 1.44225e-06 -0.0464706 0.99892 -0.998503 -0.0546423 -0.00254118
60 -0.263502 -0.058988 -0.116406 0.0547 -0.9974 -0.0464 0.940656 0.853952 1.35069e-06 -0.0464706 0.99892 0.998503 0.0546421 0.00254357
61 -0.174779 -0.054133 -0.11618 0.0547 -0.9974 -0.0464 0.940656 0.847382 1.35087e-06 -0.0464706 0.99892 0.998503 0.0546421 0.00254357
62 -0.174779 -0.055397 -0.088995 0.0547 -0.9974 -0.0464 0.942669 0.847382 3.64002e-06 -0.0464705 0.99892 0.998503 0.0546421 0.00254357
63 -0.263502 -0.058988 -0.116406 0.0547 -0.9974 -0.0464 0.940656 0.853952 1.35069e-06 -0.0464706 0.99892 0.998503 0.0546421 0.00254357
64 -0.174779 -0.055397 -0.088995 0.0547 -0.9974 -0.0464 0.942669 0.847382 3.64002e-06 -0.0464705 0.99892 0.998503 0.0546421 0.00254357
65 -0.263502 -0.060252 -0.089221 0.0547 -0.9974 -0.0464 0.942669 0.853952 5.92731e-06 -0.0464704 0.99892 0.998503 0.0546421 0.00254357
66 0.180114 -0.034715 -0.115278 0.9985 0.0546 0.0025 0.215136 0.290356 0.0546575 -0.997428 -0.0463717 3.71961e-05 -0.0464184 0.998922
67 0.180114 -0.035978 -0.088092 0.9985 0.0546 0.0025 0.215136 0.288343 0.0546575 -0.997423 -0.0464792 3.64985e-05 -0.0464057 0.998923
68 0.180275 -0.038918 -0.088229 0.9985 0.0546 0.0025 0.215354 0.288343 0.0546575 -0.997428 -0.0463717 3.71961e-05 -0.0464184 0.998922
69 0.180114 -0.034715 -0.115278 0.9985 0.0546 0.0025 0.215136 0.290356 0.0546575 -0.997428 -0.0463717 3.71961e-05 -0.0464184 0.998922
70 0.180275 -0.038918 -0.088229 0.9985 0.0546 0.0025 0.215354 0.288343 0.0546575 -0.997428 -0.0463717 3.71961e-05 -0.0464184 0.998922
71 0.180275 -0.037654 -0.115414 0.9985 0.0546 0.0025 0.215354 0.290356 0.0546575 -0.997438 -0.0461567 3.85914e-05 -0.0464439 0.998921
72 -0.086056 -0.049278 -0.115955 0.0547 -0.9974 -0.0464 0.355114 0.99833 1.44097e-06 -0.0464706 0.99892 0.998503 0.0546421 0.00254415
73 0.002668 -0.044424 -0.115729 0.0547 -0.9974 -0.0464 0.355114 0.99176 1.44322e-06 -0.0464706 0.99892 0.998503 0.0546424 0.00253827
74 0.002668 -0.045688 -0.088543 0.0547 -0.9974 -0.0464 0.357127 0.99176 4.31374e-06 -0.0464705 0.99892 0.998503 0.0546423 0.00254012
75 -0.086056 -0.049278 -0.115955 0.0547 -0.9974 -0.0464 0.355114 0.99833 1.44097e-06 -0.0464706 0.99892 0.998503 0.0546421 0.00254415
76 0.002668 -0.045688 -0.088543 0.0547 -0.9974 -0.0464 0.357127 0.99176 4.31374e-06 -0.0464705 0.99892 0.998503 0.0546423 0.00254012
77 -0.086056 -0.050542 -0.088769 0.0547 -0.9974 -0.0464 0.357127 0.99833 1.43707e-06 -0.0464706 0.99892 0.998503 0.0546421 0.00254408
78 0.002668 -0.044424 -0.115729 0.0547 -0.9974 -0.0464 0.355114 0.99176 1.44322e-06 -0.0464706 0.99892 0.998503 0.0546424 0.00253827
79 0.091391 -0.039569 -0.115504 0.0547 -0.9974 -0.0464 0.355114 0.985189 1.44325e-06 -0.0464706 0.99892 0.998503 0.0546427 0.00253236
80 0.091391 -0.040833 -0.088318 0.0547 -0.9974 -0.0464 0.357127 0.985189 3.70432e-06 -0.0464705 0.99892 0.998503 0.0546427 0.00253236
81 0.002668 -0.044424 -0.115729 0.0547 -0.9974 -0.0464 0.355114 0.99176 1.44322e-06 -0.0464706 0.99892 0.998503 0.0546424 0.00253827
82 0.091391 -0.040833 -0.088318 0.0547 -0.9974 -0.0464 0.357127 0.985189 3.70432e-06 -0.0464705 0.99892 0.998503 0.0546427 0.00253236
83 0.002668 -0.045688 -0.088543 0.0547 -0.9974 -0.0464 0.357127 0.99176 4.31374e-06 -0.0464705 0.99892 0.998503 0.0546423 0.00254012
84 -0.086056 -0.050542 -0.088769 0 -0.0464 0.9989 0.215107 0.64637 0.0547025 -0.997427 -0.0463316 -0.998503 -0.054637 -0.00253795
85 -0.174779 -0.055397 -0.088995 0 -0.0464 0.9989 0.215107 0.639799 0.0546366 -0.997431 -0.0463317 -0.998503 -0.0546392 -0.00253805
86 -0.174618 -0.058337 -0.089131 0 -0.0464 0.9989 0.215325 0.639799 0.0547318 -0.997426 -0.0463315 -0.998503 -0.0546388 -0.00253803
87 -0.086056 -0.050542 -0.088769 0 -0.0464 0.9989 0.215107 0.64637 0.0547025 -0.997427 -0.0463316 -0.998503 -0.054637 -0.00253795
88 -0.174618 -0.058337 -0.089131 0 -0.0464 0.9989 0.215325 0.639799 0.0547318 -0.997426 -0.0463315 -0.998503 -0.0546388 -0.00253803
89 -0.085894 -0.053482 -0.088906 0 -0.0464 0.9989 0.215325 0.64637 0.0549585 -0.997413 -0.0463309 -0.998503 -0.0546381 -0.002538
90 0.268838 -0.031124 -0.087866 0 -0.0464 0.9989 0.40853 0.64789 0.0546732 -0.997429 -0.0463317 -0.998504 -0.0546274 -0.0025375
91 0.268275 -0.020853 -0.087389 0 -0.0464 0.9989 0.407768 0.64789 0.0546732 -0.997429 -0.0463317 -0.998504 -0.0546274 -0.0025375
92 0.179551 -0.025707 -0.087615 0 -0.0464 0.9989 0.407768 0.64132 0.0546732 -0.997429 -0.0463317 -0.998503 -0.0546304 -0.00253764
93 0.268838 -0.031124 -0.087866 0 -0.0464 0.9989 0.40853 0.64789 0.0546732 -0.997429 -0.0463317 -0.998504 -0.0546274 -0.0025375
94 0.179551 -0.025707 -0.087615 0 -0.0464 0.9989 0.407768 0.64132 0.0546732 -0.997429 -0.0463317 -0.998503 -0.0546304 -0.00253764
95 0.180114 -0.035978 -0.088092 0 -0.0464 0.9989 0.40853 0.64132 0.0546554 -0.99743 -0.0463317 -0.998503 -0.0546352 -0.00253786
96 0.180114 -0.035978 -0.088092 0 -0.0464 0.9989 0.40853 0.64132 0.0546554 -0.99743 -0.0463317 -0.998503 -0.0546352 -0.00253786
97 0.179551 -0.025707 -0.087615 0 -0.0464 0.9989 0.407768 0.64132 0.0546732 -0.997429 -0.0463317 -0.998503 -0.0546304 -0.00253764
98 0.090828 -0.030562 -0.087841 0 -0.0464 0.9989 0.407768 0.634749 0.0546732 -0.997429 -0.0463317 -0.998503 -0.0546392 -0.00253805
99 0.180114 -0.035978 -0.088092 0 -0.0464 0.9989 0.40853 0.64132 0.0546554 -0.99743 -0.0463317 -0.998503 -0.0546352 -0.00253786
100 0.090828 -0.030562 -0.087841 0 -0.0464 0.9989 0.407768 0.634749 0.0546732 -0.997429 -0.0463317 -0.998503 -0.0546392 -0.00253805
101 0.091391 -0.040833 -0.088318 0 -0.0464 0.9989 0.40853 0.634749 0.054656 -0.99743 -0.0463317 -0.998503 -0.0546392 -0.00253805
102 0.002105 -0.035417 -0.088066 -0.9985 -0.0546 -0.0025 0.215269 0.308886 -3.02915e-05 0.0462924 -0.998928 -0.0546575 0.99743 0.0463222
103 0.002668 -0.045688 -0.088543 -0.9985 -0.0546 -0.0025 0.215269 0.309648 -3.03124e-05 0.0462928 -0.998928 -0.0546575 0.99743 0.0463222
104 0.002668 -0.045823 -0.08563 -0.9985 -0.0546 -0.0025 0.215053 0.309648 -3.02915e-05 0.0462924 -0.998928 -0.0546575 0.99743 0.0463222
105 0.002105 -0.035417 -0.088066 -0.9985 -0.0546 -0.0025 0.215269 0.308886 -3.02915e-05 0.0462924 -0.998928 -0.0546575 0.99743 0.0463222
106 0.002668 -0.045823 -0.08563 -0.9985 -0.0546 -0.0025 0.215053 0.309648 -3.02915e-05 0.0462924 -0.998928 -0.0546575 0.99743 0.0463222
107 0.002105 -0.035552 -0.085153 -0.9985 -0.0546 -0.0025 0.215053 0.308886 -3.02497e-05 0.0462917 -0.998928 -0.0546575 0.99743 0.0463222
108 0.002668 -0.045688 -0.088543 0 -0.0464 0.9989 0.215107 0.65294 0.0546736 -0.997429 -0.0463317 -0.998504 -0.0546274 -0.0025375
109 0.002105 -0.035417 -0.088066 0 -0.0464 0.9989 0.214346 0.65294 0.0546736 -0.997429 -0.0463317 -0.998504 -0.0546274 -0.0025375
110 -0.086619 -0.040271 -0.088292 0 -0.0464 0.9989 0.214346 0.64637 0.0546735 -0.997429 -0.0463317 -0.998503 -0.0546302 -0.00253763
111 0.002668 -0.045688 -0.088543 0 -0.0464 0.9989 0.215107 0.65294 0.0546736 -0.997429 -0.0463317 -0.998504 -0.0546274 -0.0025375
112 -0.086619 -0.040271 -0.088292 0 -0.0464 0.9989 0.214346 0.64637 0.0546735 -0.997429 -0.0463317 -0.998503 -0.0546302 -0.00253763
113 -0.086056 -0.050542 -0.088769 0 -0.0464 0.9989 0.215107 0.64637 0.0547025 -0.997427 -0.0463316 -0.998503 -0.054637 -0.00253795
114 -0.086056 -0.050542 -0.088769 0 -0.0464 0.9989 0.215107 0.64637 0.0547025 -0.997427 -0.0463316 -0.998503 -0.054637 -0.00253795
115 -0.086619 -0.040271 -0.088292 0 -0.0464 0.9989 0.214346 0.64637 0.0546735 -0.997429 -0.0463317 -0.998503 -0.0546302 -0.00253763
116 -0.175342 -0.045126 -0.088517 0 -0.0464 0.9989 0.214346 0.639799 0.0546731 -0.997429 -0.0463317 -0.998503 -0.0546389 -0.00253803
117 -0.086056 -0.050542 -0.088769 0 -0.0464 0.9989 0.215107 0.64637 0.0547025 -0.997427 -0.0463316 -0.998503 -0.054637 -0.00253795
118 -0.175342 -0.045126 -0.088517 0 -0.0464 0.9989 0.214346 0.639799 0.0546731 -0.997429 -0.0463317 -0.998503 -0.0546389 -0.00253803
119 -0.174779 -0.055397 -0.088995 0 -0.0464 0.9989 0.215107 0.639799 0.0546366 -0.997431 -0.0463317 -0.998503 -0.0546392 -0.00253805
120 -0.174618 -0.057073 -0.116317 0.0547 -0.9974 -0.0464 0.951096 0.267869 1.38134e-06 -0.0464706 0.99892 0.998503 0.0546423 0.00253984
121 -0.085894 -0.052218 -0.116091 0.0547 -0.9974 -0.0464 0.951096 0.261298 1.35011e-06 -0.0464706 0.99892 0.998503 0.0546421 0.00254357
122 -0.085894 -0.053482 -0.088906 0.0547 -0.9974 -0.0464 0.953109 0.261298 1.38134e-06 -0.0464706 0.99892 0.998503 0.0546423 0.00253984
123 -0.174618 -0.057073 -0.116317 0.0547 -0.9974 -0.0464 0.951096 0.267869 1.38134e-06 -0.0464706 0.99892 0.998503 0.0546423 0.00253984
124 -0.085894 -0.053482 -0.088906 0.0547 -0.9974 -0.0464 0.953109 0.261298 1.38134e-06 -0.0464706 0.99892 0.998503 0.0546423 0.00253984
125 -0.174618 -0.058337 -0.089131 0.0547 -0.9974 -0.0464 0.953109 0.267869 1.44381e-06 -0.0464706 0.99892 0.998503 0.0546427 0.00253236
126 0.091552 -0.042509 -0.11564 0.0547 -0.9974 -0.0464 0.952262 0.853952 1.38174e-06 -0.0464706 0.99892 0.998503 0.0546423 0.00253984
127 0.180275 -0.037654 -0.115414 0.0547 -0.9974 -0.0464 0.952262 0.847382 1.35087e-06 -0.0464706 0.99892 0.998503 0.0546421 0.00254357
128 0.180275 -0.038918 -0.088229 0.0547 -0.9974 -0.0464 0.954275 0.847382 1.38174e-06 -0.0464706 0.99892 0.998503 0.0546423 0.00253984
129 0.091552 -0.042509 -0.11564 0.0547 -0.9974 -0.0464 0.952262 0.853952 1.38174e-06 -0.0464706 0.99892 0.998503 0.0546423 0.00253984
130 0.180275 -0.038918 -0.088229 0.0547 -0.9974 -0.0464 0.954275 0.847382 1.38174e-06 -0.0464706 0.99892 0.998503 0.0546423 0.00253984
131 0.091552 -0.043773 -0.088454 0.0547 -0.9974 -0.0464 0.954275 0.853952 1.44347e-06 -0.0464706 0.99892 0.998503 0.0546427 0.00253236
132 -0.174779 -0.055397 -0.088995 -0.9985 -0.0546 -0.0025 0.215136 0.288303 0.0546575 -0.997428 -0.0463639 -3.85604e-05 0.0464433 -0.998921
133 -0.174779 -0.054133 -0.11618 -0.9985 -0.0546 -0.0025 0.215136 0.28629 0.0546575 -0.997423 -0.0464766 -3.85914e-05 0.0464439 -0.998921
134 -0.174618 -0.057073 -0.116317 -0.9985 -0.0546 -0.0025 0.215354 0.28629 0.0546575 -0.997428 -0.0463639 -3.85604e-05 0.0464433 -0.998921
135 -0.174779 -0.055397 -0.088995 -0.9985 -0.0546 -0.0025 0.215136 0.288303 0.0546575 -0.997428 -0.0463639 -3.85604e-05 0.0464433 -0.998921
136 -0.174618 -0.057073 -0.116317 -0.9985 -0.0546 -0.0025 0.215354 0.28629 0.0546575 -0.997428 -0.0463639 -3.85604e-05 0.0464433 -0.998921
137 -0.174618 -0.058337 -0.089131 -0.9985 -0.0546 -0.0025 0.215354 0.288303 0.0546575 -0.997439 -0.0461385 -3.84982e-05 0.0464422 -0.998921
138 0.180114 -0.035978 -0.088092 0 -0.0464 0.9989 0.40853 0.64132 0.0546554 -0.99743 -0.0463317 -0.998503 -0.0546352 -0.00253786
139 0.091391 -0.040833 -0.088318 0 -0.0464 0.9989 0.40853 0.634749 0.054656 -0.99743 -0.0463317 -0.998503 -0.0546392 -0.00253805
140 0.091552 -0.043773 -0.088454 0 -0.0464 0.9989 0.408748 0.634749 0.0546204 -0.997432 -0.0463318 -0.998503 -0.054639 -0.00253804
141 0.180114 -0.035978 -0.088092 0 -0.0464 0.9989 0.40853 0.64132 0.0546554 -0.99743 -0.0463317 -0.998503 -0.0546352 -0.00253786
142 0.091552 -0.043773 -0.088454 0 -0.0464 0.9989 0.408748 0.634749 0.0546204 -0.997432 -0.0463318 -0.998503 -0.054639 -0.00253804
143 0.180275 -0.038918 -0.088229 0 -0.0464 0.9989 0.408748 0.64132 0.0546182 -0.997432 -0.0463318 -0.998503 -0.0546387 -0.00253803
144 0.091391 -0.039569 -0.115504 0 0.0464 -0.9989 0.215136 0.269393 0.0546311 -0.997431 -0.0463318 0.998503 0.0546318 0.0025377
145 0.180114 -0.034715 -0.115278 0 0.0464 -0.9989 0.215136 0.262823 0.0546358 -0.997431 -0.0463318 0.998504 0.054628 0.00253753
146 0.180275 -0.037654 -0.115414 0 0.0464 -0.9989 0.215354 0.262823 0.0546311 -0.997431 -0.0463318 0.998503 0.0546318 0.0025377
147 0.091391 -0.039569 -0.115504 0 0.0464 -0.9989 0.215136 0.269393 0.0546311 -0.997431 -0.0463318 0.998503 0.0546318 0.0025377
148 0.180275 -0.037654 -0.115414 0 0.0464 -0.9989 0.215354 0.262823 0.0546311 -0.997431 -0.0463318 0.998503 0.0546318 0.0025377
149 0.091552 -0.042509 -0.11564 0 0.0464 -0.9989 0.215354 0.269393 0.0546216 -0.997432 -0.0463318 0.998503 0.0546392 0.00253805
150 0.091391 -0.040833 -0.088318 -0.9985 -0.0546 -0.0025 0.215136 0.294461 0.0546575 -0.997438 -0.0461412 -3.84982e-05 0.0464422 -0.998921
151 0.091391 -0.039569 -0.115504 -0.9985 -0.0546 -0.0025 0.215136 0.292449 0.0546575 -0.997438 -0.0461413 -3.84982e-05 0.0464422 -0.998921
152 0.091552 -0.042509 -0.11564 -0.9985 -0.0546 -0.0025 0.215354 0.292449 0.0546575 -0.997438 -0.0461412 -3.84982e-05 0.0464422 -0.998921
153 0.091391 -0.040833 -0.088318 -0.9985 -0.0546 -0.0025 0.215136 0.294461 0.0546575 -0.997438 -0.0461412 -3.84982e-05 0.0464422 -0.998921
154 0.091552 -0.042509 -0.11564 -0.9985 -0.0546 -0.0025 0.215354 0.292449 0.0546575 -0.997438 -0.0461412 -3.84982e-05 0.0464422 -0.998921
155 0.091552 -0.043773 -0.088454 -0.9985 -0.0546 -0.0025 0.215354 0.294461 0.0546575 -0.997439 -0.046141 -3.84982e-05 0.0464422 -0.998921
156 -0.086056 -0.049278 -0.115955 0.9985 0.0546 0.0025 0.215136 0.292408 0.0546575 -0.997428 -0.0463656 3.85341e-05 -0.0464428 0.998921
157 -0.086056 -0.050542 -0.088769 0.9985 0.0546 0.0025 0.215136 0.290396 0.0546575 -0.997423 -0.0464792 3.85052e-05 -0.0464423 0.998921
158 -0.085894 -0.053482 -0.088906 0.9985 0.0546 0.0025 0.215354 0.290396 0.0546575 -0.997428 -0.0463656 3.85341e-05 -0.0464428 0.998921
159 -0.086056 -0.049278 -0.115955 0.9985 0.0546 0.0025 0.215136 0.292408 0.0546575 -0.997428 -0.0463656 3.85341e-05 -0.0464428 0.998921
160 -0.085894 -0.053482 -0.088906 0.9985 0.0546 0.0025 0.215354 0.290396 0.0546575 -0.997428 -0.0463656 3.85341e-05 -0.0464428 0.998921
161 -0.085894 -0.052218 -0.116091 0.9985 0.0546 0.0025 0.215354 0.292408 0.0546575 -0.997439 -0.0461384 3.85917e-05 -0.0464439 0.998921
162 -0.174779 -0.054133 -0.11618 0 0.0464 -0.9989 0.215136 0.276095 0.0548457 -0.997419 -0.0463312 0.998503 0.0546387 0.00253803
163 -0.086056 -0.049278 -0.115955 0 0.0464 -0.9989 0.215136 0.269525 0.0549594 -0.997413 -0.0463309 0.998503 0.0546387 0.00253803
164 -0.085894 -0.052218 -0.116091 0 0.0464 -0.9989 0.215354 0.269525 0.0548457 -0.997419 -0.0463312 0.998503 0.0546387 0.00253803
165 -0.174779 -0.054133 -0.11618 0 0.0464 -0.9989 0.215136 0.276095 0.0548457 -0.997419 -0.0463312 0.998503 0.0546387 0.00253803
166 -0.085894 -0.052218 -0.116091 0 0.0464 -0.9989 0.215354 0.269525 0.0548457 -0.997419 -0.0463312 0.998503 0.0546387 0.00253803
167 -0.174618 -0.057073 -0.116317 0 0.0464 -0.9989 0.215354 0.276095 0.0546182 -0.997432 -0.0463318 0.998503 0.0546386 0.00253802
168 -0.174779 -0.055532 -0.086081 0 -0.0464 0.9989 0.214484 0.691597 -0.0546733 0.997429 0.0463317 0.998503 0.0546392 0.00253805
169 -0.175342 -0.045261 -0.085604 0 -0.0464 0.9989 0.215245 0.691597 -0.0546732 0.997429 0.0463317 0.998503 0.0546392 0.00253805
170 -0.264065 -0.050116 -0.08583 0 -0.0464 0.9989 0.215245 0.698168 -0.0546733 0.997429 0.0463317 0.998503 0.0546392 0.00253805
171 -0.174779 -0.055532 -0.086081 0 -0.0464 0.9989 0.214484 0.691597 -0.0546733 0.997429 0.0463317 0.998503 0.0546392 0.00253805
172 -0.264065 -0.050116 -0.08583 0 -0.0464 0.9989 0.215245 0.698168 -0.0546733 0.997429 0.0463317 0.998503 0.0546392 0.00253805
173 -0.263502 -0.060387 -0.086307 0 -0.0464 0.9989 0.214484 0.698168 -0.0546736 0.997429 0.0463317 0.998503 0.0546392 0.00253805
174 0.091391 -0.040968 -0.085404 0 -0.0464 0.9989 0.408716 0.702362 0.0546735 -0.997429 -0.0463317 -0.998503 -0.0546392 -0.00253805
175 0.090828 -0.030697 -0.084927 0 -0.0464 0.9989 0.407954 0.702362 0.0546732 -0.997429 -0.0463317 -0.998503 -0.0546392 -0.00253805
176 0.002105 -0.035552 -0.085153 0 -0.0464 0.9989 0.407954 0.695791 0.0546735 -0.997429 -0.0463317 -0.998503 -0.0546392 -0.00253805
177 0.091391 -0.040968 -0.085404 0 -0.0464 0.9989 0.408716 0.702362 0.0546735 -0.997429 -0.0463317 -0.998503 -0.0546392 -0.00253805
178 0.002105 -0.035552 -0.085153 0 -0.0464 0.9989 0.407954 0.695791 0.0546735 -0.997429 -0.0463317 -0.998503 -0.0546392 -0.00253805
179 0.002668 -0.045823 -0.08563 0 -0.0464 0.9989 0.408716 0.695791 0.0546741 -0.997429 -0.0463317 -0.998503 -0.0546392 -0.00253805
180 -0.263502 -0.060252 -0.089221 0.0547 -0.9974 -0.0464 0.942669 0.853952 5.92731e-06 -0.0464704 0.99892 0.998503 0.0546421 0.00254357
181 -0.174779 -0.055397 -0.088995 0.0547 -0.9974 -0.0464 0.942669 0.847382 3.64002e-06 -0.0464705 0.99892 0.998503 0.0546421 0.00254357
182 -0.174779 -0.055532 -0.086081 0.0547 -0.9974 -0.0464 0.942884 0.847382 1.05055e-05 -0.0464701 0.99892 0.998503 0.0546421 0.00254357
183 -0.263502 -0.060252 -0.089221 0.0547 -0.9974 -0.0464 0.942669 0.853952 5.92731e-06 -0.0464704 0.99892 0.998503 0.0546421 0.00254357
184 -0.174779 -0.055532 -0.086081 0.0547 -0.9974 -0.0464 0.942884 0.847382 1.05055e-05 -0.0464701 0.99892 0.998503 0.0546421 0.00254357
185 -0.263502 -0.060387 -0.086307 0.0547 -0.9974 -0.0464 0.942884 0.853952 1.05006e-05 -0.0464701 0.99892 0.998503 0.0546421 0.00254357
186 0.090828 -0.030562 -0.087841 -0.0547 0.9974 0.0464 0.977681 0.673811 4.60238e-06 -0.0464704 0.99892 -0.998503 -0.0546423 -0.00254001
187 0.002105 -0.035417 -0.088066 -0.0547 0.9974 0.0464 0.977681 0.66724 3.06995e-06 -0.0464705 0.99892 -0.998503 -0.0546423 -0.00253925
188 0.002105 -0.035552 -0.085153 -0.0547 0.9974 0.0464 0.977896 0.66724 9.97107e-06 -0.0464701 0.99892 -0.998503 -0.0546425 -0.0025361
189 0.090828 -0.030562 -0.087841 -0.0547 0.9974 0.0464 0.977681 0.673811 4.60238e-06 -0.0464704 0.99892 -0.998503 -0.0546423 -0.00254001
190 0.002105 -0.035552 -0.085153 -0.0547 0.9974 0.0464 0.977896 0.66724 9.97107e-06 -0.0464701 0.99892 -0.998503 -0.0546425 -0.0025361
191 0.090828 -0.030697 -0.084927 -0.0547 0.9974 0.0464 0.977896 0.673811 1.05289e-05 -0.0464701 0.99892 -0.998503 -0.0546422 -0.00254357
192 0.002668 -0.045688 -0.088543 0.0547 -0.9974 -0.0464 0.357127 0.99176 4.31374e-06 -0.0464705 0.99892 0.998503 0.0546423 0.00254012
193 0.091391 -0.040833 -0.088318 0.0547 -0.9974 -0.0464 0.357127 0.985189 3.70432e-06 -0.0464705 0.99892 0.998503 0.0546427 0.00253236
194 0.091391 -0.040968 -0.085404 0.0547 -0.9974 -0.0464 0.357343 0.985189 1.02009e-05 -0.0464701 0.99892 0.998503 0.0546425 0.0025361
195 0.002668 -0.045688 -0.088543 0.0547 -0.9974 -0.0464 0.357127 0.99176 4.31374e-06 -0.0464705 0.99892 0.998503 0.0546423 0.00254012
196 0.091391 -0.040968 -0.085404 0.0547 -0.9974 -0.0464 0.357343 0.985189 1.02009e-05 -0.0464701 0.99892 0.998503 0.0546425 0.0025361
197 0.002668 -0.045823 -0.08563 0.0547 -0.9974 -0.0464 0.357343 0.99176 9.62876e-06 -0.0464702 0.99892 0.998503 0.0546422 0.00254357
198 -0.264065 -0.049981 -0.088743 -0.9985 -0.0546 -0.0025 0.590768 0.226939 0.0546575 -0.997427 -0.0463946 -3.4173e-05 0.0463633 -0.998925
199 -0.263502 -0.060252 -0.089221 -0.9985 -0.0546 -0.0025 0.591529 0.226939 0.0546575 -0.997427 -0.0463947 -3.62584e-05 0.0464013 -0.998923
200 -0.263502 -0.060387 -0.086307 -0.9985 -0.0546 -0.0025 0.591529 0.227154 0.0546575 -0.997427 -0.0463865 -2.97041e-05 0.0462817 -0.998928
201 -0.264065 -0.049981 -0.088743 -0.9985 -0.0546 -0.0025 0.590768 0.226939 0.0546575 -0.997427 -0.0463946 -3.4173e-05 0.0463633 -0.998925
202 -0.263502 -0.060387 -0.086307 -0.9985 -0.0546 -0.0025 0.591529 0.227154 0.0546575 -0.997427 -0.0463865 -2.97041e-05 0.0462817 -0.998928
203 -0.264065 -0.050116 -0.08583 -0.9985 -0.0546 -0.0025 0.590768 0.227154 0.0546575 -0.99743 -0.0463215 -3.02497e-05 0.0462917 -0.998928
204 0.091391 -0.040833 -0.088318 0.9985 0.0547 0.0025 0.215269 0.308109 -3.40558e-05 0.0462765 -0.998929 0.0547571 -0.997425 -0.0463219
205 0.090828 -0.030562 -0.087841 0.9985 0.0547 0.0025 0.215269 0.308871 -3.4046e-05 0.0462764 -0.998929 0.0547571 -0.997425 -0.0463219
206 0.090828 -0.030697 -0.084927 0.9985 0.0547 0.0025 0.215053 0.308871 -3.40558e-05 0.0462765 -0.998929 0.0547571 -0.997425 -0.0463219
207 0.091391 -0.040833 -0.088318 0.9985 0.0547 0.0025 0.215269 0.308109 -3.40558e-05 0.0462765 -0.998929 0.0547571 -0.997425 -0.0463219
208 0.090828 -0.030697 -0.084927 0.9985 0.0547 0.0025 0.215053 0.308871 -3.40558e-05 0.0462765 -0.998929 0.0547571 -0.997425 -0.0463219
209 0.091391 -0.040968 -0.085404 0.9985 0.0547 0.0025 0.215053 0.308109 -3.40753e-05 0.0462769 -0.998929 0.0547571 -0.997425 -0.0463219
210 -0.174779 -0.055397 -0.088995 0.9985 0.0546 0.0025 0.215269 0.309663 -3.00262e-05 0.0462876 -0.998928 0.0546575 -0.997427 -0.0463867
211 -0.175342 -0.045126 -0.088517 0.9985 0.0546 0.0025 0.215269 0.310424 -3.03151e-05 0.0462928 -0.998928 0.0546575 -0.997426 -0.0464189
212 -0.175342 -0.045261 -0.085604 0.9985 0.0546 0.0025 0.215053 0.310424 -3.00262e-05 0.0462876 -0.998928 0.0546575 -0.997427 -0.0463867
213 -0.174779 -0.055397 -0.088995 0.9985 0.0546 0.0025 0.215269 0.309663 -3.00262e-05 0.0462876 -0.998928 0.0546575 -0.997427 -0.0463867
214 -0.175342 -0.045261 -0.085604 0.9985 0.0546 0.0025 0.215053 0.310424 -3.00262e-05 0.0462876 -0.998928 0.0546575 -0.997427 -0.0463867
215 -0.174779 -0.055532 -0.086081 0.9985 0.0546 0.0025 0.215053 0.309663 -2.94484e-05 0.046277 -0.998929 0.0546575 -0.99743 -0.0463222
