0 -0.502378 0.181865 -0.112422 0.8459 -0.5333 0.0022 0.951695 0.06826 -0.000165871 0.00386213 0.999993 0.533315 0.845911 -0.00317975
1 -0.502381 0.181937 -0.093858 0.8459 -0.5333 0.0022 0.953068 0.06826 -0.000158209 0.00387428 0.999992 0.533315 0.845911 -0.00317978
2 -0.518819 0.155865 -0.09376 0.8459 -0.5333 0.0022 0.953068 0.070539 -0.000165871 0.00386213 0.999993 0.533315 0.845911 -0.00317975
3 -0.502378 0.181865 -0.112422 0.8459 -0.5333 0.0022 0.951695 0.06826 -0.000165871 0.00386213 0.999993 0.533315 0.845911 -0.00317975
4 -0.518819 0.155865 -0.09376 0.8459 -0.5333 0.0022 0.953068 0.070539 -0.000165871 0.00386213 0.999993 0.533315 0.845911 -0.00317975
5 -0.518816 0.155794 -0.112324 0.8459 -0.5333 0.0022 0.951695 0.070539 -0.000181194 0.00383782 0.999993 0.533315 0.845911 -0.00317967
6 -0.518816 0.155794 -0.112324 0.221 -0.9753 0.0038 0.951695 0.070539 -0.00016817 0.0038581 0.999993 0.975275 0.220992 -0.000702739
7 -0.518819 0.155865 -0.09376 0.221 -0.9753 0.0038 0.953068 0.070539 -0.000168089 0.00385812 0.999993 0.975275 0.220992 -0.000713616
8 -0.548877 0.149052 -0.093738 0.221 -0.9753 0.0038 0.953068 0.07215 -0.00016817 0.0038581 0.999993 0.975275 0.220992 -0.000702739
9 -0.518816 0.155794 -0.112324 0.221 -0.9753 0.0038 0.951695 0.070539 -0.00016817 0.0038581 0.999993 0.975275 0.220992 -0.000702739
10 -0.548877 0.149052 -0.093738 0.221 -0.9753 0.0038 0.953068 0.07215 -0.00016817 0.0038581 0.999993 0.975275 0.220992 -0.000702739
11 -0.548874 0.148981 -0.112303 0.221 -0.9753 0.0038 0.951695 0.07215 -0.000168333 0.00385807 0.999993 0.975275 0.220992 -0.000680984
12 -0.548874 0.148981 -0.112303 -0.5333 -0.8459 0.0032 0.142216 0.952654 0.000134222 -0.00386754 -0.999993 -0.84592 0.533305 -0.00219545
13 -0.548877 0.149052 -0.093738 -0.5333 -0.8459 0.0032 0.140843 0.952654 0.000133306 -0.00386697 -0.999993 -0.84592 0.533305 -0.00220632
14 -0.574949 0.165489 -0.093806 -0.5333 -0.8459 0.0032 0.140843 0.951042 0.000134222 -0.00386754 -0.999993 -0.845921 0.533305 -0.00219545
15 -0.548874 0.148981 -0.112303 -0.5333 -0.8459 0.0032 0.142216 0.952654 0.000134222 -0.00386754 -0.999993 -0.84592 0.533305 -0.00219545
16 -0.574949 0.165489 -0.093806 -0.5333 -0.8459 0.0032 0.140843 0.951042 0.000134222 -0.00386754 -0.999993 -0.845921 0.533305 -0.00219545
17 -0.574946 0.165418 -0.11237 -0.5333 -0.8459 0.0032 0.142216 0.951042 0.000136054 -0.0038687 -0.999993 -0.845921 0.533305 -0.0021737
18 -0.574946 0.165418 -0.11237 -0.9753 -0.221 0.0007 0.142216 0.951042 0.000150522 -0.00383168 -0.999993 -0.220995 0.975267 -0.0037962
19 -0.574949 0.165489 -0.093806 -0.9753 -0.221 0.0007 0.140843 0.951042 0.000149686 -0.00382798 -0.999993 -0.220995 0.975267 -0.0037962
20 -0.581762 0.195548 -0.093923 -0.9753 -0.221 0.0007 0.140843 0.948763 0.000150522 -0.00383168 -0.999993 -0.220995 0.975267 -0.0037962
21 -0.574946 0.165418 -0.11237 -0.9753 -0.221 0.0007 0.142216 0.951042 0.000150522 -0.00383168 -0.999993 -0.220995 0.975267 -0.0037962
22 -0.581762 0.195548 -0.093923 -0.9753 -0.221 0.0007 0.140843 0.948763 0.000150522 -0.00383168 -0.999993 -0.220995 0.975267 -0.0037962
23 -0.581758 0.195477 -0.112487 -0.9753 -0.221 0.0007 0.142216 0.948763 0.000152195 -0.00383907 -0.999993 -0.220995 0.975267 -0.0037962
24 -0.581758 0.195477 -0.112487 -0.8459 0.5333 -0.0022 0.142216 0.948763 0.000196884 -0.00381294 -0.999993 0.533315 0.845911 -0.00315807
25 -0.581762 0.195548 -0.093923 -0.8459 0.5333 -0.0022 0.140843 0.948763 0.000196722 -0.0038132 -0.999993 0.533315 0.845911 -0.00314728
26 -0.565325 0.221619 -0.09402 -0.8459 0.5333 -0.0022 0.140843 0.947152 0.000196884 -0.00381294 -0.999993 0.533315 0.845911 -0.00315807
27 -0.581758 0.195477 -0.112487 -0.8459 0.5333 -0.0022 0.142216 0.948763 0.000196884 -0.00381294 -0.999993 0.533315 0.845911 -0.00315807
28 -0.565325 0.221619 -0.09402 -0.8459 0.5333 -0.0022 0.140843 0.947152 0.000196884 -0.00381294 -0.999993 0.533315 0.845911 -0.00315807
29 -0.565321 0.221548 -0.112585 -0.8459 0.5333 -0.0022 0.142216 0.947152 0.000197207 -0.00381243 -0.999993 0.533315 0.845911 -0.00317967
30 -0.565321 0.221548 -0.112585 -0.221 0.9753 -0.0038 0.140843 0.91909 -0.000202855 0.00385024 0.999993 -0.975275 -0.220992 0.000702742
31 -0.565325 0.221619 -0.09402 -0.221 0.9753 -0.0038 0.142216 0.91909 -0.000220212 0.00384631 0.999993 -0.975275 -0.220992 0.000713621
32 -0.535266 0.228432 -0.094042 -0.221 0.9753 -0.0038 0.142216 0.920702 -0.000202855 0.00385024 0.999993 -0.975275 -0.220992 0.000702742
33 -0.565321 0.221548 -0.112585 -0.221 0.9753 -0.0038 0.140843 0.91909 -0.000202855 0.00385024 0.999993 -0.975275 -0.220992 0.000702742
34 -0.535266 0.228432 -0.094042 -0.221 0.9753 -0.0038 0.142216 0.920702 -0.000202855 0.00385024 0.999993 -0.975275 -0.220992 0.000702742
35 -0.535263 0.228361 -0.112606 -0.221 0.9753 -0.0038 0.140843 0.920702 -0.000168141 0.00385811 0.999993 -0.975275 -0.220992 0.000680984
36 -0.535263 0.228361 -0.112606 0.5333 0.8459 -0.0032 0.140843 0.920702 -0.000134526 0.00386773 0.999993 -0.84592 0.533305 -0.00220625
37 -0.535266 0.228432 -0.094042 0.5333 0.8459 -0.0032 0.142216 0.920702 -0.000133768 0.00386726 0.999993 -0.84592 0.533305 -0.00220632
38 -0.509194 0.211995 -0.093974 0.5333 0.8459 -0.0032 0.142216 0.922981 -0.000134526 0.00386773 0.999993 -0.84592 0.533305 -0.00220625
39 -0.535263 0.228361 -0.112606 0.5333 0.8459 -0.0032 0.140843 0.920702 -0.000134526 0.00386773 0.999993 -0.84592 0.533305 -0.00220625
40 -0.509194 0.211995 -0.093974 0.5333 0.8459 -0.0032 0.142216 0.922981 -0.000134526 0.00386773 0.999993 -0.84592 0.533305 -0.00220625
41 -0.509191 0.211924 -0.112538 0.5333 0.8459 -0.0032 0.140843 0.922981 -0.000136041 0.00386869 0.999993 -0.845921 0.533305 -0.00220609
42 -0.509191 0.211924 -0.112538 0.9753 0.221 -0.0007 0.140843 0.922981 -0.000153492 0.00384478 0.999993 -0.220995 0.975268 -0.00376371
43 -0.509194 0.211995 -0.093974 0.9753 0.221 -0.0007 0.142216 0.922981 -0.000149686 0.00382798 0.999993 -0.220995 0.975268 -0.00376366
44 -0.502381 0.181937 -0.093858 0.9753 0.221 -0.0007 0.142216 0.924592 -0.000153492 0.00384478 0.999993 -0.220995 0.975268 -0.00376371
45 -0.509191 0.211924 -0.112538 0.9753 0.221 -0.0007 0.140843 0.922981 -0.000153492 0.00384478 0.999993 -0.220995 0.975268 -0.00376371
46 -0.502381 0.181937 -0.093858 0.9753 0.221 -0.0007 0.142216 0.924592 -0.000153492 0.00384478 0.999993 -0.220995 0.975268 -0.00376371
47 -0.502378 0.181865 -0.112422 0.9753 0.221 -0.0007 0.140843 0.924592 -0.000161104 0.00387837 0.999992 -0.220995 0.975268 -0.00376381
48 -0.565325 0.221619 -0.09402 -0.0002 0.0038 1 0.605171 0.226993 0.975264 0.221044 -0.000652282 0.220873 -0.975295 0.0037828
49 -0.509194 0.211995 -0.093974 -0.0002 0.0038 1 0.609062 0.225382 0.975264 0.221042 -0.000650433 0.220918 -0.975285 0.00377465
50 -0.535266 0.228432 -0.094042 -0.0002 0.0038 1 0.60745 0.226993 0.975263 0.221048 -0.000644927 0.220711 -0.975332 0.0037504
51 -0.509194 0.211995 -0.093974 -0.0002 0.0039 1 0.609062 0.225382 0.975264 0.221042 -0.000650433 0.220918 -0.975285 0.00377465
52 -0.565325 0.221619 -0.09402 -0.0002 0.0039 1 0.605171 0.226993 0.975264 0.221044 -0.000652282 0.220873 -0.975295 0.0037828
53 -0.581762 0.195548 -0.093923 -0.0002 0.0039 1 0.603559 0.225382 0.975265 0.22104 -0.000661477 0.221122 -0.975239 0.00382327
54 -0.509194 0.211995 -0.093974 -0.0002 0.0038 1 0.609062 0.225382 0.975264 0.221042 -0.000650433 0.220918 -0.975285 0.00377465
55 -0.581762 0.195548 -0.093923 -0.0002 0.0038 1 0.603559 0.225382 0.975265 0.22104 -0.000661477 0.221122 -0.975239 0.00382327
56 -0.502381 0.181937 -0.093858 -0.0002 0.0038 1 0.609062 0.223103 0.975264 0.221043 -0.000650437 0.221074 -0.97525 0.00377455
57 -0.502381 0.181937 -0.093858 -0.0002 0.0039 1 0.609062 0.223103 0.975264 0.221043 -0.000650437 0.221074 -0.97525 0.00377455
58 -0.581762 0.195548 -0.093923 -0.0002 0.0039 1 0.603559 0.225382 0.975265 0.22104 -0.000661477 0.221122 -0.975239 0.00382327
59 -0.574949 0.165489 -0.093806 -0.0002 0.0039 1 0.603559 0.223103 0.975262 0.221051 -0.000661519 0.220996 -0.975267 0.00382336
60 -0.502381 0.181937 -0.093858 -0.0002 0.0038 1 0.609062 0.223103 0.975264 0.221043 -0.000650437 0.221074 -0.97525 0.00377455
61 -0.574949 0.165489 -0.093806 -0.0002 0.0038 1 0.603559 0.223103 0.975262 0.221051 -0.000661519 0.220996 -0.975267 0.00382336
62 -0.518819 0.155865 -0.09376 -0.0002 0.0038 1 0.60745 0.221491 0.975262 0.221051 -0.00065231 0.221013 -0.975264 0.00378271
63 -0.518819 0.155865 -0.09376 -0.0002 0.0039 1 0.60745 0.221491 0.975262 0.221051 -0.00065231 0.221013 -0.975264 0.00378271
64 -0.574949 0.165489 -0.093806 -0.0002 0.0039 1 0.603559 0.223103 0.975262 0.221051 -0.000661519 0.220996 -0.975267 0.00382336
65 -0.548877 0.149052 -0.093738 -0.0002 0.0039 1 0.605171 0.221491 0.975261 0.221055 -0.00066706 0.220745 -0.975324 0.00384791
66 -0.509191 0.211924 -0.112538 0.0002 -0.0038 -1 0.722622 0.397599 -0.221254 0.975209 -0.00375004 -0.975251 -0.2211 0.000645129
67 -0.565321 0.221548 -0.112585 0.0002 -0.0038 -1 0.724234 0.393709 -0.221258 0.975208 -0.00377442 -0.97526 -0.221058 0.000650491
68 -0.535263 0.228361 -0.112606 0.0002 -0.0038 -1 0.724234 0.395988 -0.221359 0.975185 -0.00374998 -0.975261 -0.221054 0.000644953
69 -0.565321 0.221548 -0.112585 0.0002 -0.0038 -1 0.724234 0.393709 -0.221258 0.975208 -0.00377442 -0.97526 -0.221058 0.000650491
70 -0.509191 0.211924 -0.112538 0.0002 -0.0038 -1 0.722622 0.397599 -0.221254 0.975209 -0.00375004 -0.975251 -0.2211 0.000645129
71 -0.502378 0.181865 -0.112422 0.0002 -0.0038 -1 0.720343 0.397599 -0.221019 0.975262 -0.00378921 -0.975256 -0.221078 0.000653883
72 -0.565321 0.221548 -0.112585 0.0002 -0.0039 -1 0.724234 0.393709 -0.221258 0.975208 -0.00377442 -0.97526 -0.221058 0.000650491
73 -0.502378 0.181865 -0.112422 0.0002 -0.0039 -1 0.720343 0.397599 -0.221019 0.975262 -0.00378921 -0.975256 -0.221078 0.000653883
74 -0.581758 0.195477 -0.112487 0.0002 -0.0039 -1 0.722622 0.392097 -0.221185 0.975224 -0.00384761 -0.975281 -0.220967 0.000666715
75 -0.581758 0.195477 -0.112487 0.0002 -0.0039 -1 0.722622 0.392097 -0.221185 0.975224 -0.00384761 -0.975281 -0.220967 0.000666715
76 -0.502378 0.181865 -0.112422 0.0002 -0.0039 -1 0.720343 0.397599 -0.221019 0.975262 -0.00378921 -0.975256 -0.221078 0.000653883
77 -0.574946 0.165418 -0.11237 0.0002 -0.0039 -1 0.720343 0.392097 -0.220873 0.975295 -0.00382344 -0.975264 -0.221041 0.000661481
78 -0.574946 0.165418 -0.11237 0.0002 -0.0038 -1 0.720343 0.392097 -0.220873 0.975295 -0.00382344 -0.975264 -0.221041 0.000661481
79 -0.502378 0.181865 -0.112422 0.0002 -0.0038 -1 0.720343 0.397599 -0.221019 0.975262 -0.00378921 -0.975256 -0.221078 0.000653883
80 -0.518816 0.155794 -0.112324 0.0002 -0.0038 -1 0.718731 0.395988 -0.220726 0.975329 -0.0037829 -0.975264 -0.221043 0.000652277
81 -0.574946 0.165418 -0.11237 0.0002 -0.0039 -1 0.720343 0.392097 -0.220873 0.975295 -0.00382344 -0.975264 -0.221041 0.000661481
82 -0.518816 0.155794 -0.112324 0.0002 -0.0039 -1 0.718731 0.395988 -0.220726 0.975329 -0.0037829 -0.975264 -0.221043 0.000652277
83 -0.548874 0.148981 -0.112303 0.0002 -0.0039 -1 0.718731 0.393709 -0.220743 0.975324 -0.00384792 -0.975261 -0.221054 0.000667058
