0 0.906051 0.662072 -0.149002 -0.1387 -0.9873 -0.0781 0.516848 0.962911 -0.945756 0.155438 -0.285279 -0.294276 -0.0342364 0.955107
1 0.90774 0.662032 -0.151498 -0.1387 -0.9873 -0.0781 0.516782 0.963124 -0.945728 0.155445 -0.285368 -0.292825 -0.0344759 0.955544
2 0.914512 0.660844 -0.14851 -0.1387 -0.9873 -0.0781 0.516231 0.963057 -0.945763 0.15543 -0.285261 -0.293495 -0.0343406 0.955344
3 0.906051 0.662072 -0.149002 -0.1387 -0.9873 -0.0781 0.516848 0.962911 -0.945756 0.155438 -0.285279 -0.294276 -0.0342364 0.955107
4 0.914512 0.660844 -0.14851 -0.1387 -0.9873 -0.0781 0.516231 0.963057 -0.945763 0.15543 -0.285261 -0.293495 -0.0343406 0.955344
5 0.911291 0.660919 -0.143737 -0.1387 -0.9873 -0.0781 0.516357 0.96265 -0.945762 0.155437 -0.285261 -0.294196 -0.0342496 0.955131
6 0.890042 0.746853 -0.592025 -0.0055 0.1716 -0.9852 0.211747 0.638589 -0.99009 0.137315 0.0294445 -0.153084 -0.9737 -0.168742
7 0.905326 0.844068 -0.575176 -0.0055 0.1716 -0.9852 0.211747 0.645747 -0.990166 0.136782 0.0293521 -0.153083 -0.9737 -0.168742
8 0.912804 0.843188 -0.575371 -0.0055 0.1716 -0.9852 0.211191 0.645758 -0.99009 0.137315 0.0294445 -0.153084 -0.9737 -0.168742
9 0.890042 0.746853 -0.592025 -0.0055 0.1716 -0.9852 0.211747 0.638589 -0.99009 0.137315 0.0294445 -0.153084 -0.9737 -0.168742
10 0.912804 0.843188 -0.575371 -0.0055 0.1716 -0.9852 0.211191 0.645758 -0.99009 0.137315 0.0294445 -0.153084 -0.9737 -0.168742
11 0.89752 0.745974 -0.59222 -0.0055 0.1716 -0.9852 0.211191 0.638601 -0.989936 0.13838 0.0296292 -0.153085 -0.9737 -0.168742
12 0.900755 0.662627 -0.14661 -0.1276 -0.9894 -0.0688 0.517174 0.962629 -0.951882 0.141625 -0.271778 -0.290154 -0.029158 0.956536
13 0.903598 0.662281 -0.147286 -0.1388 -0.9872 -0.078 0.516985 0.962737 -0.946035 0.155445 -0.284349 -0.293917 -0.0342341 0.955218
14 0.906598 0.661318 -0.140446 -0.1388 -0.9872 -0.078 0.51662 0.962317 -0.946057 0.155439 -0.284281 -0.292794 -0.0343955 0.955557
15 0.791491 0.836212 -0.129889 0.0269 0.9988 0.0398 0.211747 0.672225 -0.0301467 0.0406088 -0.99872 0.999147 -0.0256186 -0.0323908
16 0.732925 0.837715 -0.127986 0.0269 0.9988 0.0398 0.211747 0.676553 -0.0297166 0.0405977 -0.998734 0.999145 -0.0256157 -0.0324644
17 0.733027 0.837412 -0.120461 0.0269 0.9988 0.0398 0.21119 0.676562 -0.0301467 0.0406088 -0.99872 0.999147 -0.0256186 -0.0323908
18 0.791491 0.836212 -0.129889 0.0269 0.9988 0.0398 0.211747 0.672225 -0.0301467 0.0406088 -0.99872 0.999147 -0.0256186 -0.0323908
19 0.733027 0.837412 -0.120461 0.0269 0.9988 0.0398 0.21119 0.676562 -0.0301467 0.0406088 -0.99872 0.999147 -0.0256186 -0.0323908
20 0.791576 0.83591 -0.122364 0.0269 0.9988 0.0398 0.211191 0.672236 -0.0310069 0.0406308 -0.998693 0.999152 -0.0256246 -0.0322437
21 0.90774 0.662032 -0.151498 -0.1387 -0.9872 -0.0782 0.516782 0.963124 -0.945728 0.155445 -0.285368 -0.292825 -0.0344759 0.955544
22 0.908408 0.662168 -0.154392 -0.1387 -0.9872 -0.0782 0.516797 0.963343 -0.945774 0.15545 -0.285214 -0.291785 -0.0346716 0.955855
23 0.915743 0.66106 -0.153419 -0.1387 -0.9872 -0.0782 0.516251 0.963431 -0.945666 0.155463 -0.285566 -0.291908 -0.0346514 0.955819
24 0.90774 0.662032 -0.151498 -0.1387 -0.9873 -0.0781 0.516782 0.963124 -0.945728 0.155445 -0.285368 -0.292825 -0.0344759 0.955544
25 0.915743 0.66106 -0.153419 -0.1387 -0.9873 -0.0781 0.516251 0.963431 -0.945666 0.155463 -0.285566 -0.291908 -0.0346514 0.955819
26 0.914512 0.660844 -0.14851 -0.1387 -0.9873 -0.0781 0.516231 0.963057 -0.945763 0.15543 -0.285261 -0.293495 -0.0343406 0.955344
27 0.734778 0.853523 -0.127323 -0.2932 -0.9554 -0.035 0.280125 0.671733 -0.024977 0.0444256 -0.9987 -0.955547 0.291654 0.0432296
28 0.791491 0.836212 -0.129889 -0.2932 -0.9554 -0.035 0.280125 0.676074 -0.0251593 0.0443074 -0.998701 -0.955544 0.29166 0.0432334
29 0.791576 0.83591 -0.122364 -0.2932 -0.9554 -0.035 0.279569 0.676066 -0.024977 0.0444256 -0.9987 -0.955547 0.291654 0.0432296
30 0.734778 0.853523 -0.127323 -0.2932 -0.9554 -0.0355 0.280125 0.671733 -0.024977 0.0444256 -0.9987 -0.955547 0.291654 0.0432296
31 0.791576 0.83591 -0.122364 -0.2932 -0.9554 -0.0355 0.279569 0.676066 -0.024977 0.0444256 -0.9987 -0.955547 0.291654 0.0432296
32 0.734845 0.853223 -0.119798 -0.2932 -0.9554 -0.0355 0.279569 0.671724 -0.0246122 0.044662 -0.998699 -0.955551 0.29164 0.0432219
33 0.908408 0.662168 -0.154392 -0.1387 -0.9873 -0.0781 0.516797 0.963343 -0.945774 0.15545 -0.285214 -0.291785 -0.0346716 0.955855
34 0.91712 0.663726 -0.189569 -0.1388 -0.9901 -0.0193 0.516947 0.966021 -0.952534 0.138829 -0.270933 -0.307676 0.0245417 0.951175
35 0.915743 0.66106 -0.153419 -0.1387 -0.9873 -0.0781 0.516251 0.963431 -0.945666 0.155463 -0.285566 -0.291908 -0.0346514 0.955819
36 0.903598 0.662281 -0.147286 -0.1387 -0.9873 -0.0782 0.516985 0.962737 -0.946035 0.155445 -0.284349 -0.293917 -0.0342341 0.955218
37 0.906051 0.662072 -0.149002 -0.1387 -0.9873 -0.0782 0.516848 0.962911 -0.945756 0.155438 -0.285279 -0.294276 -0.0342364 0.955107
38 0.911291 0.660919 -0.143737 -0.1387 -0.9873 -0.0782 0.516357 0.96265 -0.945762 0.155437 -0.285261 -0.294196 -0.0342496 0.955131
39 0.903598 0.662281 -0.147286 -0.1387 -0.9873 -0.0781 0.516985 0.962737 -0.946035 0.155445 -0.284349 -0.293917 -0.0342341 0.955218
40 0.911291 0.660919 -0.143737 -0.1387 -0.9873 -0.0781 0.516357 0.96265 -0.945762 0.155437 -0.285261 -0.294196 -0.0342496 0.955131
41 0.906598 0.661318 -0.140446 -0.1387 -0.9873 -0.0781 0.51662 0.962317 -0.946057 0.155439 -0.284281 -0.292794 -0.0343955 0.955557
42 0.732925 0.837715 -0.127986 -0.9939 -0.1102 0.009 0.211197 0.592488 0.0188475 -0.0886526 0.995884 0.109237 -0.991259 -0.073974
43 0.750338 0.679687 -0.139779 -0.9939 -0.1102 0.009 0.211197 0.580798 0.018843 -0.088612 0.995888 0.109237 -0.991259 -0.0739739
44 0.750439 0.679384 -0.132254 -0.9939 -0.1102 0.009 0.21175 0.580825 0.0188475 -0.0886526 0.995884 0.109237 -0.991259 -0.073974
45 0.732925 0.837715 -0.127986 -0.9939 -0.1102 0.009 0.211197 0.592488 0.0188475 -0.0886526 0.995884 0.109237 -0.991259 -0.073974
46 0.750439 0.679384 -0.132254 -0.9939 -0.1102 0.009 0.21175 0.580825 0.0188475 -0.0886526 0.995884 0.109237 -0.991259 -0.073974
47 0.733027 0.837412 -0.120461 -0.9939 -0.1102 0.009 0.21175 0.592515 0.0188564 -0.0887339 0.995877 0.109237 -0.991259 -0.073974
48 0.891409 0.740567 -0.512717 -0.1183 -0.99 -0.0764 0.280125 0.656806 -0.992776 0.116622 0.0281998 0.0171764 -0.079008 0.996726
49 0.890042 0.746853 -0.592025 -0.1183 -0.99 -0.0764 0.280125 0.662673 -0.992806 0.116505 0.0276 0.0171832 -0.0789726 0.996729
50 0.89752 0.745974 -0.59222 -0.1183 -0.99 -0.0764 0.279569 0.662672 -0.992776 0.116622 0.0281998 0.0171764 -0.079008 0.996726
51 0.891409 0.740567 -0.512717 -0.1188 -0.99 -0.0765 0.280125 0.656806 -0.992776 0.116622 0.0281998 0.0171764 -0.079008 0.996726
52 0.89752 0.745974 -0.59222 -0.1188 -0.99 -0.0765 0.279569 0.662672 -0.992776 0.116622 0.0281998 0.0171764 -0.079008 0.996726
53 0.898886 0.739685 -0.512911 -0.1188 -0.99 -0.0765 0.279569 0.656804 -0.992714 0.116854 0.0293994 0.0171627 -0.0790788 0.996721
54 0.907619 0.662134 -0.262796 -0.1386 -0.9901 0.0223 0.519681 0.972437 -0.951779 0.126896 -0.279311 -0.309592 0.0646888 0.948666
55 0.887763 0.663156 -0.576061 -0.1386 -0.9903 0.0056 0.527945 0.994128 -0.94632 0.130773 -0.295596 -0.292674 0.0463628 0.955088
56 0.895168 0.662119 -0.576254 -0.1386 -0.9903 0.0056 0.527421 0.994305 -0.946339 0.130744 -0.295549 -0.292688 0.0463549 0.955084
57 0.80448 0.860061 -0.129209 0.0337 0.9987 0.0382 0.876962 0.984563 -0.942259 0.044491 -0.331917 0.355672 0.0237354 -0.93431
58 0.734778 0.853523 -0.127323 -0.0922 0.9949 0.0405 0.88168 0.986504 -0.93353 -0.0722181 -0.351151 0.360367 0.0712577 -0.930085
59 0.734845 0.853223 -0.119798 -0.0922 0.9949 0.0405 0.881476 0.987022 -0.933531 -0.0722184 -0.351148 0.360323 0.0712543 -0.930102
60 0.890884 0.694808 -0.591831 0.0891 0.8619 -0.4992 0.211747 0.652718 -0.995991 0.0807784 -0.0384341 -0.00574979 -0.500737 -0.86558
61 0.891409 0.740567 -0.512717 0.0891 0.8619 -0.4992 0.211747 0.658805 -0.995997 0.0807158 -0.0384103 -0.00575128 -0.500737 -0.86558
62 0.898886 0.739685 -0.512911 0.0891 0.8619 -0.4992 0.211192 0.658768 -0.995991 0.0807784 -0.0384341 -0.00574979 -0.500737 -0.86558
63 0.890884 0.694808 -0.591831 0.0893 0.8619 -0.4992 0.211747 0.652718 -0.995991 0.0807784 -0.0384341 -0.00574979 -0.500737 -0.86558
64 0.898886 0.739685 -0.512911 0.0893 0.8619 -0.4992 0.211192 0.658768 -0.995991 0.0807784 -0.0384341 -0.00574979 -0.500737 -0.86558
65 0.898361 0.693922 -0.592023 0.0893 0.8619 -0.4992 0.211192 0.652681 -0.995979 0.0809036 -0.0384818 -0.00574683 -0.500736 -0.865581
66 0.89383 0.741952 -0.263109 -0.9993 0.0249 0.0263 0.824275 0.960768 0.0252832 0.999579 0.0142103 0.026685 0.0152325 0.999528
67 0.896044 0.746338 -0.191643 -0.9957 -0.001 0.0924 0.824345 0.95449 0.00443746 0.998271 0.0586124 0.092393 0.00747139 0.995695
68 0.913494 0.842913 -0.193027 -0.9857 0.1669 0.0236 0.831843 0.955211 0.168031 0.983999 0.0592551 0.0282137 0.0253261 0.999281
69 0.89383 0.741952 -0.263109 -0.9993 0.0249 0.0263 0.824275 0.960768 0.0252832 0.999579 0.0142103 0.026685 0.0152325 0.999528
70 0.913494 0.842913 -0.193027 -0.9857 0.1669 0.0236 0.831843 0.955211 0.168031 0.983999 0.0592551 0.0282137 0.0253261 0.999281
71 0.913282 0.844068 -0.266533 -0.9848 0.1732 0.0159 0.831856 0.961136 0.173398 0.98477 0.0126568 0.0145337 -0.00915201 0.999852
72 0.907619 0.662134 -0.262796 -0.9923 -0.1182 0.0359 0.818393 0.960869 -0.117908 0.992972 0.0102468 0.0330516 0.0259852 0.999116
73 0.909718 0.664767 -0.189588 -0.9867 -0.1118 0.118 0.818363 0.95399 -0.106062 0.9929 0.0538572 0.121005 -0.0204617 0.992441
74 0.896044 0.746338 -0.191643 -0.9957 -0.001 0.0924 0.824345 0.95449 0.00443746 0.998271 0.0586124 0.092393 0.00747139 0.995695
75 0.907619 0.662134 -0.262796 -0.9923 -0.1182 0.0359 0.818393 0.960869 -0.117908 0.992972 0.0102468 0.0330516 0.0259852 0.999116
76 0.896044 0.746338 -0.191643 -0.9957 -0.001 0.0924 0.824345 0.95449 0.00443746 0.998271 0.0586124 0.092393 0.00747139 0.995695
77 0.89383 0.741952 -0.263109 -0.9993 0.0249 0.0263 0.824275 0.960768 0.0252832 0.999579 0.0142103 0.026685 0.0152325 0.999528
78 0.909718 0.664767 -0.189588 -0.9867 -0.1118 0.118 0.818363 0.95399 -0.106062 0.9929 0.0538572 0.121005 -0.0204617 0.992441
79 0.908408 0.662168 -0.154392 -0.9995 -0.022 0.0207 0.81837 0.951384 -0.020366 0.996898 0.0760281 0.0222539 -0.0733561 0.997058
80 0.909373 0.805677 -0.148874 -0.9965 0.0701 -0.0454 0.828984 0.951779 0.0663601 0.994646 0.0792139 -0.0504825 -0.0725315 0.996088
81 0.909718 0.664767 -0.189588 -0.9867 -0.1118 0.118 0.818363 0.95399 -0.106062 0.9929 0.0538572 0.121005 -0.0204617 0.992441
82 0.909373 0.805677 -0.148874 -0.9965 0.0701 -0.0454 0.828984 0.951779 0.0663601 0.994646 0.0792139 -0.0504825 -0.0725315 0.996088
83 0.896044 0.746338 -0.191643 -0.9957 -0.001 0.0924 0.824345 0.95449 0.00443746 0.998271 0.0586124 0.092393 0.00747139 0.995695
84 0.902972 0.81777 -0.140578 -0.1438 0.0571 -0.988 0.81446 0.982054 0.989225 -0.0194843 -0.145104 0.0240476 0.998241 0.0541921
85 0.905742 0.816476 -0.141298 -0.4068 0.0601 -0.9115 0.814671 0.982146 0.912783 -0.0131023 -0.408235 0.027009 0.998188 0.0537612
86 0.903598 0.662281 -0.147286 -0.43 0.0408 -0.9019 0.814776 0.993554 0.902406 -0.0111273 -0.430743 0.0223108 0.999153 0.0345624
87 0.902972 0.81777 -0.140578 -0.1438 0.0571 -0.988 0.81446 0.982054 0.989225 -0.0194843 -0.145104 0.0240476 0.998241 0.0541921
88 0.903598 0.662281 -0.147286 -0.43 0.0408 -0.9019 0.814776 0.993554 0.902406 -0.0111273 -0.430743 0.0223108 0.999153 0.0345624
89 0.900755 0.662627 -0.14661 -0.1482 0.0507 -0.9877 0.814562 0.993532 0.988609 -0.0189747 -0.149309 0.0246252 0.998565 0.0475637
90 0.905742 0.816476 -0.141298 -0.4068 0.0601 -0.9115 0.814671 0.982146 0.912783 -0.0131023 -0.408235 0.027009 0.998188 0.0537612
91 0.907931 0.813724 -0.143127 -0.7237 0.0649 -0.6871 0.814849 0.982348 0.688633 0.00237325 -0.725106 0.0313082 0.997631 0.061256
92 0.906051 0.662072 -0.149002 -0.7436 0.0347 -0.6678 0.814969 0.993567 0.668099 -0.00206243 -0.74407 0.0201389 0.999362 0.0295033
93 0.905742 0.816476 -0.141298 -0.4068 0.0601 -0.9115 0.814671 0.982146 0.912783 -0.0131023 -0.408235 0.027009 0.998188 0.0537612
94 0.906051 0.662072 -0.149002 -0.7436 0.0347 -0.6678 0.814969 0.993567 0.668099 -0.00206243 -0.74407 0.0201389 0.999362 0.0295033
95 0.903598 0.662281 -0.147286 -0.43 0.0408 -0.9019 0.814776 0.993554 0.902406 -0.0111273 -0.430743 0.0223108 0.999153 0.0345624
96 0.907931 0.813724 -0.143127 -0.7238 0.0649 -0.6869 0.829608 0.951391 0.0122667 0.996619 0.0812365 -0.689745 -0.0425568 0.722801
97 0.909205 0.809932 -0.145787 -0.9316 0.0592 -0.3586 0.829315 0.951575 0.0323197 0.99623 0.0805009 -0.362067 -0.0649257 0.929888
98 0.90774 0.662032 -0.151498 -0.9417 0.0221 -0.3358 0.818376 0.951166 -0.00353437 0.997137 0.0755367 -0.336513 -0.063735 0.93952
99 0.907931 0.813724 -0.143127 -0.7238 0.0649 -0.6869 0.829608 0.951391 0.0122667 0.996619 0.0812365 -0.689745 -0.0425568 0.722801
100 0.90774 0.662032 -0.151498 -0.9417 0.0221 -0.3358 0.818376 0.951166 -0.00353437 0.997137 0.0755367 -0.336513 -0.063735 0.93952
101 0.906051 0.662072 -0.149002 -0.7437 0.0348 -0.6676 0.81839 0.95097 -0.0159906 0.997432 0.0698066 -0.668494 -0.0452747 0.742338
102 0.909205 0.809932 -0.145787 -0.9316 0.0592 -0.3586 0.829315 0.951575 0.0323197 0.99623 0.0805009 -0.362067 -0.0649257 0.929888
103 0.909373 0.805677 -0.148874 -0.9965 0.0701 -0.0454 0.828984 0.951779 0.0663601 0.994646 0.0792139 -0.0504825 -0.0725315 0.996088
104 0.908408 0.662168 -0.154392 -0.9995 -0.022 0.0207 0.81837 0.951384 -0.020366 0.996898 0.0760281 0.0222539 -0.0733561 0.997058
105 0.909205 0.809932 -0.145787 -0.9316 0.0592 -0.3586 0.829315 0.951575 0.0323197 0.99623 0.0805009 -0.362067 -0.0649257 0.929888
106 0.908408 0.662168 -0.154392 -0.9995 -0.022 0.0207 0.81837 0.951384 -0.020366 0.996898 0.0760281 0.0222539 -0.0733561 0.997058
107 0.90774 0.662032 -0.151498 -0.9417 0.0221 -0.3358 0.818376 0.951166 -0.00353437 0.997137 0.0755367 -0.336513 -0.063735 0.93952
108 0.904981 0.845032 -0.139343 -0.1463 0.0601 -0.9874 0.81456 0.980035 0.988788 -0.0212704 -0.147802 0.0250143 0.998058 0.0570424
109 0.907845 0.844654 -0.14002 -0.3987 0.0715 -0.9143 0.814776 0.980059 0.916105 -0.0149879 -0.400659 0.0256396 0.997436 0.0668206
110 0.905742 0.816476 -0.141298 -0.4068 0.0601 -0.9115 0.814671 0.982146 0.912783 -0.0131023 -0.408235 0.027009 0.998188 0.0537612
111 0.904981 0.845032 -0.139343 -0.1463 0.0601 -0.9874 0.81456 0.980035 0.988788 -0.0212704 -0.147802 0.0250143 0.998058 0.0570424
112 0.905742 0.816476 -0.141298 -0.4068 0.0601 -0.9115 0.814671 0.982146 0.912783 -0.0131023 -0.408235 0.027009 0.998188 0.0537612
113 0.902972 0.81777 -0.140578 -0.1438 0.0571 -0.988 0.81446 0.982054 0.989225 -0.0194843 -0.145104 0.0240476 0.998241 0.0541921
114 0.907845 0.844654 -0.14002 -0.3987 0.0715 -0.9143 0.814776 0.980059 0.916105 -0.0149879 -0.400659 0.0256396 0.997436 0.0668206
115 0.910296 0.844415 -0.141735 -0.7134 0.0869 -0.6953 0.814969 0.980074 0.698243 0.0044249 -0.715847 0.0357283 0.995501 0.0877602
116 0.907931 0.813724 -0.143127 -0.7237 0.0649 -0.6871 0.814849 0.982348 0.688633 0.00237325 -0.725106 0.0313082 0.997631 0.061256
117 0.907845 0.844654 -0.14002 -0.3987 0.0715 -0.9143 0.814776 0.980059 0.916105 -0.0149879 -0.400659 0.0256396 0.997436 0.0668206
118 0.907931 0.813724 -0.143127 -0.7237 0.0649 -0.6871 0.814849 0.982348 0.688633 0.00237325 -0.725106 0.0313082 0.997631 0.061256
119 0.905742 0.816476 -0.141298 -0.4068 0.0601 -0.9115 0.814671 0.982146 0.912783 -0.0131023 -0.408235 0.027009 0.998188 0.0537612
120 0.910296 0.844415 -0.141735 -0.7137 0.086 -0.6952 0.831882 0.951476 0.0483627 0.996116 0.0735743 -0.699568 -0.0367436 0.713621
121 0.911961 0.844352 -0.144226 -0.9229 0.091 -0.374 0.831866 0.951671 0.0650357 0.994549 0.0815039 -0.3802 -0.0636505 0.922711
122 0.909205 0.809932 -0.145787 -0.9316 0.0592 -0.3586 0.829315 0.951575 0.0323197 0.99623 0.0805009 -0.362067 -0.0649257 0.929888
123 0.910296 0.844415 -0.141735 -0.7137 0.086 -0.6952 0.831882 0.951476 0.0483627 0.996116 0.0735743 -0.699568 -0.0367436 0.713621
124 0.909205 0.809932 -0.145787 -0.9316 0.0592 -0.3586 0.829315 0.951575 0.0323197 0.99623 0.0805009 -0.362067 -0.0649257 0.929888
125 0.907931 0.813724 -0.143127 -0.7238 0.0649 -0.6869 0.829608 0.951391 0.0122667 0.996619 0.0812365 -0.689745 -0.0425568 0.722801
126 0.911961 0.844352 -0.144226 -0.9229 0.091 -0.374 0.831866 0.951671 0.0650357 0.994549 0.0815039 -0.3802 -0.0636505 0.922711
127 0.912586 0.844476 -0.147114 -0.9895 0.1197 -0.0808 0.831859 0.951888 0.112844 0.989997 0.0846899 -0.0870148 -0.0476237 0.995068
128 0.909373 0.805677 -0.148874 -0.9965 0.0701 -0.0454 0.828984 0.951779 0.0663601 0.994646 0.0792139 -0.0504825 -0.0725315 0.996088
129 0.911961 0.844352 -0.144226 -0.9229 0.091 -0.374 0.831866 0.951671 0.0650357 0.994549 0.0815039 -0.3802 -0.0636505 0.922711
130 0.909373 0.805677 -0.148874 -0.9965 0.0701 -0.0454 0.828984 0.951779 0.0663601 0.994646 0.0792139 -0.0504825 -0.0725315 0.996088
131 0.909205 0.809932 -0.145787 -0.9316 0.0592 -0.3586 0.829315 0.951575 0.0323197 0.99623 0.0805009 -0.362067 -0.0649257 0.929888
132 0.896044 0.746338 -0.191643 -0.9957 -0.001 0.0924 0.824345 0.95449 0.00443746 0.998271 0.0586124 0.092393 0.00747139 0.995695
133 0.909373 0.805677 -0.148874 -0.9965 0.0701 -0.0454 0.828984 0.951779 0.0663601 0.994646 0.0792139 -0.0504825 -0.0725315 0.996088
134 0.912586 0.844476 -0.147114 -0.9895 0.1197 -0.0808 0.831859 0.951888 0.112844 0.989997 0.0846899 -0.0870148 -0.0476237 0.995068
135 0.896044 0.746338 -0.191643 -0.9957 -0.001 0.0924 0.824345 0.95449 0.00443746 0.998271 0.0586124 0.092393 0.00747139 0.995695
136 0.912586 0.844476 -0.147114 -0.9895 0.1197 -0.0808 0.831859 0.951888 0.112844 0.989997 0.0846899 -0.0870148 -0.0476237 0.995068
137 0.913494 0.842913 -0.193027 -0.9857 0.1669 0.0236 0.831843 0.955211 0.168031 0.983999 0.0592551 0.0282137 0.0253261 0.999281
138 0.901309 0.741076 -0.263273 0.9978 -0.042 -0.0509 0.487278 0.974472 0.0424167 0.999075 0.00710512 -0.0513263 -0.00912376 -0.99864
139 0.920765 0.843225 -0.266684 0.9866 -0.159 -0.0367 0.494848 0.974133 0.159458 0.987155 0.00992032 -0.035412 0.0109276 -0.999313
140 0.920988 0.842165 -0.193097 0.9911 -0.1304 -0.0256 0.494834 0.980079 0.131355 0.990537 0.039775 -0.0275651 -0.0132814 -0.999532
141 0.901309 0.741076 -0.263273 0.9978 -0.042 -0.0509 0.487278 0.974472 0.0424167 0.999075 0.00710512 -0.0513263 -0.00912376 -0.99864
142 0.920988 0.842165 -0.193097 0.9911 -0.1304 -0.0256 0.494834 0.980079 0.131355 0.990537 0.039775 -0.0275651 -0.0132814 -0.999532
143 0.909706 0.745467 -0.19163 0.9971 -0.0458 -0.0604 0.487344 0.980746 0.0492579 0.997156 0.0570481 -0.0609747 -0.0111939 -0.998076
144 0.906144 0.701087 -0.263124 0.9937 0.0991 -0.053 0.484324 0.974443 -0.0995364 0.995017 -0.00576928 -0.0502147 -0.0303623 -0.998277
145 0.901309 0.741076 -0.263273 0.9978 -0.042 -0.0509 0.487278 0.974472 0.0424167 0.999075 0.00710512 -0.0513263 -0.00912376 -0.99864
146 0.909706 0.745467 -0.19163 0.9971 -0.0458 -0.0604 0.487344 0.980746 0.0492579 0.997156 0.0570481 -0.0609747 -0.0111939 -0.998076
147 0.906144 0.701087 -0.263124 0.9937 0.0991 -0.053 0.484324 0.974443 -0.0995364 0.995017 -0.00576928 -0.0502147 -0.0303623 -0.998277
148 0.909706 0.745467 -0.19163 0.9971 -0.0458 -0.0604 0.487344 0.980746 0.0492579 0.997156 0.0570481 -0.0609747 -0.0111939 -0.998076
149 0.911016 0.704596 -0.1906 0.9945 0.0897 -0.0542 0.484336 0.98104 -0.0869451 0.994896 0.0512093 -0.0551914 0.00861497 -0.998439
150 0.911016 0.704596 -0.1906 0.9945 0.0897 -0.0542 0.484336 0.98104 -0.0869451 0.994896 0.0512093 -0.0551914 0.00861497 -0.998439
151 0.909706 0.745467 -0.19163 0.9971 -0.0458 -0.0604 0.487344 0.980746 0.0492579 0.997156 0.0570481 -0.0609747 -0.0111939 -0.998076
152 0.916807 0.80485 -0.147998 0.9748 -0.097 0.201 0.491973 0.983582 0.0811211 0.993004 0.0858014 0.20725 0.05921 -0.976495
153 0.911016 0.704596 -0.1906 0.9945 0.0897 -0.0542 0.484336 0.98104 -0.0869451 0.994896 0.0512093 -0.0551914 0.00861497 -0.998439
154 0.916807 0.80485 -0.147998 0.9748 -0.097 0.201 0.491973 0.983582 0.0811211 0.993004 0.0858014 0.20725 0.05921 -0.976495
155 0.911688 0.732954 -0.150709 0.9757 -0.0037 0.219 0.486652 0.983811 -0.012454 0.997302 0.0723372 0.218698 0.0719663 -0.973135
156 0.895142 0.739644 -0.13614 0.1509 -0.0531 0.9871 0.456755 0.983993 0.988193 -0.0186819 -0.152073 -0.0254259 -0.998434 -0.0498219
157 0.901658 0.661911 -0.139169 0.166 -0.0365 0.9855 0.457367 0.978254 0.985849 -0.0176124 -0.16671 -0.0233509 -0.99918 -0.0330747
158 0.906598 0.661318 -0.140446 0.4453 0.0033 0.8954 0.457744 0.978215 0.895359 -0.00916704 -0.445252 -0.0123257 -0.999876 0.00981552
159 0.895142 0.739644 -0.13614 0.1509 -0.0531 0.9871 0.456755 0.983993 0.988193 -0.0186819 -0.152073 -0.0254259 -0.998434 -0.0498219
160 0.906598 0.661318 -0.140446 0.4453 0.0033 0.8954 0.457744 0.978215 0.895359 -0.00916704 -0.445252 -0.0123257 -0.999876 0.00981552
161 0.900073 0.738606 -0.137441 0.4081 -0.0443 0.9119 0.457132 0.983921 0.91267 -0.00464721 -0.408671 -0.0269762 -0.998971 -0.0364583
162 0.900073 0.738606 -0.137441 0.4081 -0.0443 0.9119 0.457132 0.983921 0.91267 -0.00464721 -0.408671 -0.0269762 -0.998971 -0.0364583
163 0.906598 0.661318 -0.140446 0.4453 0.0033 0.8954 0.457744 0.978215 0.895359 -0.00916704 -0.445252 -0.0123257 -0.999876 0.00981552
164 0.911291 0.660919 -0.143737 0.7388 0.0392 0.6728 0.458124 0.978184 0.673408 -0.00364983 -0.739262 0.00713011 -0.998706 0.0503599
165 0.900073 0.738606 -0.137441 0.4081 -0.0443 0.9119 0.457132 0.983921 0.91267 -0.00464721 -0.408671 -0.0269762 -0.998971 -0.0364583
166 0.911291 0.660919 -0.143737 0.7388 0.0392 0.6728 0.458124 0.978184 0.673408 -0.00364983 -0.739262 0.00713011 -0.998706 0.0503599
167 0.904665 0.736949 -0.140809 0.7133 -0.0392 0.6998 0.457507 0.983796 0.700618 0.0130342 -0.713417 -0.0243863 -0.999218 -0.0311157
168 0.904665 0.736949 -0.140809 0.7132 -0.0392 0.6998 0.486997 0.984558 -0.0363342 0.995025 0.0927632 0.700872 0.051003 -0.711461
169 0.911291 0.660919 -0.143737 0.7388 0.0392 0.6728 0.481378 0.984725 -0.10962 0.992002 0.0625758 0.67007 0.0640448 -0.739529
170 0.914512 0.660844 -0.14851 0.8671 0.0519 0.4954 0.481348 0.984356 -0.099133 0.992643 0.0695195 0.492167 0.0639877 -0.868146
171 0.904665 0.736949 -0.140809 0.7132 -0.0392 0.6998 0.486997 0.984558 -0.0363342 0.995025 0.0927632 0.700872 0.051003 -0.711461
172 0.914512 0.660844 -0.14851 0.8671 0.0519 0.4954 0.481348 0.984356 -0.099133 0.992643 0.0695195 0.492167 0.0639877 -0.868146
173 0.907686 0.73498 -0.145694 0.8615 -0.0258 0.5071 0.486827 0.984192 -0.0155823 0.996894 0.0771919 0.50769 0.0598894 -0.859456
174 0.907686 0.73498 -0.145694 0.8615 -0.0258 0.5071 0.486827 0.984192 -0.0155823 0.996894 0.0771919 0.50769 0.0598894 -0.859456
175 0.914512 0.660844 -0.14851 0.8671 0.0519 0.4954 0.481348 0.984356 -0.099133 0.992643 0.0695195 0.492167 0.0639877 -0.868146
176 0.915743 0.66106 -0.153419 0.971 0.0714 0.228 0.481337 0.983986 -0.0888193 0.993788 0.0670501 0.223617 0.064588 -0.972535
177 0.907686 0.73498 -0.145694 0.8615 -0.0258 0.5071 0.486827 0.984192 -0.0155823 0.996894 0.0771919 0.50769 0.0598894 -0.859456
178 0.915743 0.66106 -0.153419 0.971 0.0714 0.228 0.481337 0.983986 -0.0888193 0.993788 0.0670501 0.223617 0.064588 -0.972535
179 0.911688 0.732954 -0.150709 0.9757 -0.0037 0.219 0.486652 0.983811 -0.012454 0.997302 0.0723372 0.218698 0.0719663 -0.973135
180 0.905824 0.844655 -0.131868 0.1549 -0.0606 0.9861 0.457351 0.991782 0.98753 -0.0189397 -0.156286 -0.026495 -0.998013 -0.0571703
181 0.90387 0.817377 -0.13311 0.1544 -0.0621 0.9861 0.457258 0.98976 0.987594 -0.0192327 -0.155845 -0.0255326 -0.99794 -0.0588477
182 0.908792 0.815894 -0.134436 0.4135 -0.0761 0.9073 0.457634 0.989655 0.909864 -0.00274879 -0.414898 -0.0285994 -0.997095 -0.0705974
183 0.905824 0.844655 -0.131868 0.1549 -0.0606 0.9861 0.457351 0.991782 0.98753 -0.0189397 -0.156286 -0.026495 -0.998013 -0.0571703
184 0.908792 0.815894 -0.134436 0.4135 -0.0761 0.9073 0.457634 0.989655 0.909864 -0.00274879 -0.414898 -0.0285994 -0.997095 -0.0705974
185 0.910849 0.844115 -0.133134 0.4079 -0.0719 0.9102 0.457733 0.991747 0.912446 -0.00348249 -0.409182 -0.0276912 -0.99741 -0.0663794
186 0.910849 0.844115 -0.133134 0.4079 -0.0719 0.9102 0.457733 0.991747 0.912446 -0.00348249 -0.409182 -0.0276912 -0.99741 -0.0663794
187 0.908792 0.815894 -0.134436 0.4135 -0.0761 0.9073 0.457634 0.989655 0.909864 -0.00274879 -0.414898 -0.0285994 -0.997095 -0.0705974
188 0.913285 0.812979 -0.137882 0.7128 -0.0957 0.6948 0.458005 0.989436 0.699511 0.0250267 -0.714183 -0.0426615 -0.994729 -0.0932444
189 0.910849 0.844115 -0.133134 0.4079 -0.0719 0.9102 0.457733 0.991747 0.912446 -0.00348249 -0.409182 -0.0276912 -0.99741 -0.0663794
190 0.913285 0.812979 -0.137882 0.7128 -0.0957 0.6948 0.458005 0.989436 0.699511 0.0250267 -0.714183 -0.0426615 -0.994729 -0.0932444
191 0.91567 0.843761 -0.136499 0.713 -0.0866 0.6958 0.458124 0.991718 0.699682 0.0233551 -0.714073 -0.0375643 -0.995636 -0.0854251
192 0.91567 0.843761 -0.136499 0.713 -0.0866 0.6958 0.494906 0.984218 0.0492054 0.996077 0.073551 0.700424 0.042285 -0.712473
193 0.913285 0.812979 -0.137882 0.7128 -0.0957 0.6948 0.492627 0.984301 0.0619319 0.995366 0.0735629 0.70022 0.040583 -0.712773
194 0.916105 0.809116 -0.142879 0.9003 -0.1008 0.4234 0.492316 0.983938 0.0721025 0.993912 0.0833071 0.430797 0.0677077 -0.899905
195 0.91567 0.843761 -0.136499 0.713 -0.0866 0.6958 0.494906 0.984218 0.0492054 0.996077 0.073551 0.700424 0.042285 -0.712473
196 0.916105 0.809116 -0.142879 0.9003 -0.1008 0.4234 0.492316 0.983938 0.0721025 0.993912 0.0833071 0.430797 0.0677077 -0.899905
197 0.918912 0.843667 -0.141408 0.9178 -0.0911 0.3865 0.494874 0.983838 0.0648962 0.994653 0.0803393 0.392822 0.0660841 -0.917237
198 0.918912 0.843667 -0.141408 0.9178 -0.0911 0.3865 0.494874 0.983838 0.0648962 0.994653 0.0803393 0.392822 0.0660841 -0.917237
199 0.916105 0.809116 -0.142879 0.9003 -0.1008 0.4234 0.492316 0.983938 0.0721025 0.993912 0.0833071 0.430797 0.0677077 -0.899905
200 0.916807 0.80485 -0.147998 0.9748 -0.097 0.201 0.491973 0.983582 0.0811211 0.993004 0.0858014 0.20725 0.05921 -0.976495
201 0.918912 0.843667 -0.141408 0.9178 -0.0911 0.3865 0.494874 0.983838 0.0648962 0.994653 0.0803393 0.392822 0.0660841 -0.917237
202 0.916807 0.80485 -0.147998 0.9748 -0.097 0.201 0.491973 0.983582 0.0811211 0.993004 0.0858014 0.20725 0.05921 -0.976495
203 0.920052 0.843791 -0.146383 0.9888 -0.0981 0.1121 0.494856 0.983465 0.0892892 0.992696 0.0811251 0.117161 0.0473878 -0.991982
204 0.909706 0.745467 -0.19163 0.9971 -0.0458 -0.0604 0.487344 0.980746 0.0492579 0.997156 0.0570481 -0.0609747 -0.0111939 -0.998076
205 0.920988 0.842165 -0.193097 0.9911 -0.1304 -0.0256 0.494834 0.980079 0.131355 0.990537 0.039775 -0.0275651 -0.0132814 -0.999532
206 0.920052 0.843791 -0.146383 0.9888 -0.0981 0.1121 0.494856 0.983465 0.0892892 0.992696 0.0811251 0.117161 0.0473878 -0.991982
207 0.909706 0.745467 -0.19163 0.9971 -0.0458 -0.0604 0.487344 0.980746 0.0492579 0.997156 0.0570481 -0.0609747 -0.0111939 -0.998076
208 0.920052 0.843791 -0.146383 0.9888 -0.0981 0.1121 0.494856 0.983465 0.0892892 0.992696 0.0811251 0.117161 0.0473878 -0.991982
209 0.916807 0.80485 -0.147998 0.9748 -0.097 0.201 0.491973 0.983582 0.0811211 0.993004 0.0858014 0.20725 0.05921 -0.976495
210 0.913494 0.842913 -0.193027 0.1013 0.9948 -0.0091 0.870775 0.978001 -0.931329 0.0916123 -0.352468 0.360679 -0.0452499 -0.931592
211 0.912586 0.844476 -0.147114 0.0895 0.9959 0.0093 0.869641 0.981127 -0.93 0.0869125 -0.357137 0.354146 -0.0230961 -0.934905
212 0.920052 0.843791 -0.146383 0.0897 0.9959 0.008 0.869104 0.980981 -0.929295 0.0865849 -0.359046 0.354667 -0.024438 -0.934673
213 0.913494 0.842913 -0.193027 0.1013 0.9948 -0.0091 0.870775 0.978001 -0.931329 0.0916123 -0.352468 0.360679 -0.0452499 -0.931592
214 0.920052 0.843791 -0.146383 0.0897 0.9959 0.008 0.869104 0.980981 -0.929295 0.0865849 -0.359046 0.354667 -0.024438 -0.934673
215 0.920988 0.842165 -0.193097 0.1014 0.9948 -0.0086 0.870256 0.977799 -0.933725 0.0921842 -0.345919 0.368815 -0.0456191 -0.928383
216 0.913282 0.844068 -0.266533 0.11 0.9939 0.0059 0.87293 0.972465 -0.935409 0.10553 -0.33745 0.37889 -0.0364442 -0.924724
217 0.913494 0.842913 -0.193027 0.1013 0.9948 -0.0091 0.870775 0.978001 -0.931329 0.0916123 -0.352468 0.360679 -0.0452499 -0.931592
218 0.920988 0.842165 -0.193097 0.1014 0.9948 -0.0086 0.870256 0.977799 -0.933725 0.0921842 -0.345919 0.368815 -0.0456191 -0.928383
219 0.913282 0.844068 -0.266533 0.11 0.9939 0.0059 0.87293 0.972465 -0.935409 0.10553 -0.33745 0.37889 -0.0364442 -0.924724
220 0.920988 0.842165 -0.193097 0.1014 0.9948 -0.0086 0.870256 0.977799 -0.933725 0.0921842 -0.345919 0.368815 -0.0456191 -0.928383
221 0.920765 0.843225 -0.266684 0.1101 0.9939 0.0058 0.872416 0.972253 -0.931676 0.105236 -0.347715 0.372732 -0.0358786 -0.927245
222 0.910296 0.844415 -0.141735 0.093 0.9952 0.0317 0.869658 0.981559 -0.929874 0.0981876 -0.354533 0.355308 -0.00342829 -0.934743
223 0.907845 0.844654 -0.14002 0.1119 0.9933 0.0292 0.869783 0.981742 -0.928497 0.114979 -0.35309 0.354581 -0.0124608 -0.934942
224 0.910849 0.844115 -0.133134 0.112 0.9933 0.0292 0.869393 0.982139 -0.928202 0.115062 -0.353839 0.354618 -0.0125011 -0.934928
225 0.910296 0.844415 -0.141735 0.093 0.9952 0.0317 0.869658 0.981559 -0.929874 0.0981876 -0.354533 0.355308 -0.00342829 -0.934743
226 0.910849 0.844115 -0.133134 0.112 0.9933 0.0292 0.869393 0.982139 -0.928202 0.115062 -0.353839 0.354618 -0.0125011 -0.934928
227 0.91567 0.843761 -0.136499 0.0929 0.9952 0.0318 0.869147 0.981779 -0.929772 0.0981302 -0.354817 0.354538 -0.00321796 -0.935036
228 0.909718 0.664767 -0.189588 -0.1392 -0.9901 -0.0193 0.517478 0.965865 -0.959923 0.139694 -0.242969 -0.350559 0.0310385 0.936026
229 0.907619 0.662134 -0.262796 -0.1385 -0.9901 0.0223 0.519681 0.972437 -0.951779 0.126896 -0.279311 -0.309592 0.0646888 0.948666
230 0.915021 0.661098 -0.262976 -0.1386 -0.9901 0.0227 0.519157 0.972613 -0.960653 0.128836 -0.246063 -0.347181 0.070041 0.935179
231 0.909718 0.664767 -0.189588 -0.1392 -0.9901 -0.0193 0.517478 0.965865 -0.959923 0.139694 -0.242969 -0.350559 0.0310385 0.936026
232 0.915021 0.661098 -0.262976 -0.1386 -0.9901 0.0227 0.519157 0.972613 -0.960653 0.128836 -0.246063 -0.347181 0.070041 0.935179
233 0.91712 0.663726 -0.189569 -0.1388 -0.9901 -0.0194 0.516947 0.966021 -0.952534 0.138829 -0.270933 -0.307676 0.0245417 0.951175
234 0.900755 0.662627 -0.14661 -0.1275 -0.9894 -0.0689 0.517174 0.962629 -0.951882 0.141625 -0.271778 -0.290154 -0.029158 0.956536
235 0.906598 0.661318 -0.140446 -0.1387 -0.9872 -0.0781 0.51662 0.962317 -0.946057 0.155439 -0.284281 -0.292794 -0.0343955 0.955557
236 0.901658 0.661911 -0.139169 -0.1274 -0.9895 -0.0688 0.516946 0.962121 -0.955625 0.141022 -0.258638 -0.289143 -0.0293012 0.956837
237 0.887763 0.663156 -0.576061 -0.0797 -0.4373 -0.8958 0.211182 0.681629 0.990445 -0.136197 -0.0216337 0.0895081 0.891871 -0.443345
238 0.890884 0.694808 -0.591831 -0.0797 -0.4373 -0.8958 0.211178 0.679195 0.990355 -0.13691 -0.0212779 0.0895083 0.891871 -0.443345
239 0.898361 0.693922 -0.592023 -0.0797 -0.4373 -0.8958 0.211734 0.679185 0.990445 -0.136197 -0.0216337 0.0895081 0.891871 -0.443345
240 0.887763 0.663156 -0.576061 -0.0797 -0.4373 -0.8958 0.211182 0.681629 0.990445 -0.136197 -0.0216337 0.0895081 0.891871 -0.443345
241 0.898361 0.693922 -0.592023 -0.0797 -0.4373 -0.8958 0.211734 0.679185 0.990445 -0.136197 -0.0216337 0.0895081 0.891871 -0.443345
242 0.895168 0.662119 -0.576254 -0.0797 -0.4373 -0.8958 0.211734 0.68163 0.990625 -0.134772 -0.0223452 0.0895076 0.891871 -0.443345
243 0.904981 0.845032 -0.139343 0.1367 0.9901 0.0328 0.869965 0.981864 -0.945345 0.140272 -0.294359 0.345295 -0.0165881 -0.938348
244 0.80448 0.860061 -0.129209 0.0337 0.9987 0.0382 0.876962 0.984563 -0.942259 0.044491 -0.331917 0.355672 0.0237354 -0.93431
245 0.804548 0.85976 -0.121683 0.0254 0.9989 0.0383 0.876758 0.985081 -0.953758 0.0357008 -0.298449 0.347766 0.027089 -0.93719
246 0.904981 0.845032 -0.139343 0.1367 0.9901 0.0328 0.869965 0.981864 -0.945345 0.140272 -0.294359 0.345295 -0.0165881 -0.938348
247 0.804548 0.85976 -0.121683 0.0254 0.9989 0.0383 0.876758 0.985081 -0.953758 0.0357008 -0.298449 0.347766 0.027089 -0.93719
248 0.905824 0.844655 -0.131868 0.1376 0.9899 0.0329 0.869709 0.982359 -0.938594 0.140935 -0.314928 0.346905 -0.0170546 -0.937745
249 0.911961 0.844352 -0.144226 0.0837 0.9956 0.0426 0.869608 0.981343 -0.930378 0.0933856 -0.354507 0.355046 0.0101496 -0.934794
250 0.910296 0.844415 -0.141735 0.093 0.9952 0.0317 0.869658 0.981559 -0.929874 0.0981876 -0.354533 0.355308 -0.00342829 -0.934743
251 0.91567 0.843761 -0.136499 0.0929 0.9952 0.0318 0.869147 0.981779 -0.929772 0.0981302 -0.354817 0.354538 -0.00321796 -0.935036
252 0.911961 0.844352 -0.144226 0.0837 0.9956 0.0426 0.869608 0.981343 -0.930378 0.0933856 -0.354507 0.355046 0.0101496 -0.934794
253 0.91567 0.843761 -0.136499 0.0929 0.9952 0.0318 0.869147 0.981779 -0.929772 0.0981302 -0.354817 0.354538 -0.00321796 -0.935036
254 0.918912 0.843667 -0.141408 0.0837 0.9956 0.0429 0.869051 0.981355 -0.930558 0.0934861 -0.354007 0.355422 0.0103932 -0.934648
255 0.750338 0.679687 -0.139779 -0.1162 -0.9914 -0.0596 0.527945 0.959596 -0.964331 0.126989 -0.232247 -0.285588 -0.0241223 0.958049
256 0.900755 0.662627 -0.14661 -0.1275 -0.9894 -0.0689 0.517174 0.962629 -0.951882 0.141625 -0.271778 -0.290154 -0.029158 0.956536
257 0.901658 0.661911 -0.139169 -0.1274 -0.9895 -0.0688 0.516946 0.962121 -0.955625 0.141022 -0.258638 -0.289143 -0.0293012 0.956837
258 0.750338 0.679687 -0.139779 -0.1162 -0.9914 -0.0596 0.527945 0.959596 -0.964331 0.126989 -0.232247 -0.285588 -0.0241223 0.958049
259 0.901658 0.661911 -0.139169 -0.1274 -0.9895 -0.0688 0.516946 0.962121 -0.955625 0.141022 -0.258638 -0.289143 -0.0293012 0.956837
260 0.750439 0.679384 -0.132254 -0.1162 -0.9914 -0.0596 0.527776 0.959065 -0.964606 0.126954 -0.231124 -0.286156 -0.0240437 0.957881
261 0.905326 0.844068 -0.575176 0.1143 0.9934 -0.003 0.88168 0.951439 -0.925966 0.105446 -0.362585 0.357565 -0.0439583 -0.932853
262 0.913282 0.844068 -0.266533 0.11 0.9939 0.0059 0.87293 0.972465 -0.935409 0.10553 -0.33745 0.37889 -0.0364442 -0.924724
263 0.920765 0.843225 -0.266684 0.1101 0.9939 0.0058 0.872416 0.972253 -0.931676 0.105236 -0.347715 0.372732 -0.0358786 -0.927245
264 0.905326 0.844068 -0.575176 0.1143 0.9934 -0.003 0.88168 0.951439 -0.925966 0.105446 -0.362585 0.357565 -0.0439583 -0.932853
265 0.920765 0.843225 -0.266684 0.1101 0.9939 0.0058 0.872416 0.972253 -0.931676 0.105236 -0.347715 0.372732 -0.0358786 -0.927245
266 0.912804 0.843188 -0.575371 0.1143 0.9934 -0.003 0.881166 0.951224 -0.925934 0.105442 -0.362669 0.356985 -0.0438924 -0.933078
267 0.908408 0.662168 -0.154392 -0.1387 -0.9873 -0.0781 0.516797 0.963343 -0.945774 0.15545 -0.285214 -0.291785 -0.0346716 0.955855
268 0.909718 0.664767 -0.189588 -0.1392 -0.9901 -0.0193 0.517478 0.965865 -0.959923 0.139694 -0.242969 -0.350559 0.0310385 0.936026
269 0.91712 0.663726 -0.189569 -0.1388 -0.9901 -0.0194 0.516947 0.966021 -0.952534 0.138829 -0.270933 -0.307676 0.0245417 0.951175
270 0.912586 0.844476 -0.147114 0.0895 0.9959 0.0093 0.869641 0.981127 -0.93 0.0869125 -0.357137 0.354146 -0.0230961 -0.934905
271 0.911961 0.844352 -0.144226 0.0837 0.9956 0.0426 0.869608 0.981343 -0.930378 0.0933856 -0.354507 0.355046 0.0101496 -0.934794
272 0.918912 0.843667 -0.141408 0.0837 0.9956 0.0429 0.869051 0.981355 -0.930558 0.0934861 -0.354007 0.355422 0.0103932 -0.934648
273 0.912586 0.844476 -0.147114 0.0895 0.9959 0.0093 0.869641 0.981127 -0.93 0.0869125 -0.357137 0.354146 -0.0230961 -0.934905
274 0.918912 0.843667 -0.141408 0.0837 0.9956 0.0429 0.869051 0.981355 -0.930558 0.0934861 -0.354007 0.355422 0.0103932 -0.934648
275 0.920052 0.843791 -0.146383 0.0897 0.9959 0.008 0.869104 0.980981 -0.929295 0.0865849 -0.359046 0.354667 -0.024438 -0.934673
276 0.907845 0.844654 -0.14002 0.1119 0.9933 0.0292 0.869783 0.981742 -0.928497 0.114979 -0.35309 0.354581 -0.0124608 -0.934942
277 0.904981 0.845032 -0.139343 0.1367 0.9901 0.0328 0.869965 0.981864 -0.945345 0.140272 -0.294359 0.345295 -0.0165881 -0.938348
278 0.905824 0.844655 -0.131868 0.1376 0.9899 0.0329 0.869709 0.982359 -0.938594 0.140935 -0.314928 0.346905 -0.0170546 -0.937745
279 0.907845 0.844654 -0.14002 0.1119 0.9933 0.0292 0.869783 0.981742 -0.928497 0.114979 -0.35309 0.354581 -0.0124608 -0.934942
280 0.905824 0.844655 -0.131868 0.1376 0.9899 0.0329 0.869709 0.982359 -0.938594 0.140935 -0.314928 0.346905 -0.0170546 -0.937745
281 0.910849 0.844115 -0.133134 0.112 0.9933 0.0292 0.869393 0.982139 -0.928202 0.115062 -0.353839 0.354618 -0.0125011 -0.934928
282 0.907619 0.662134 -0.262796 -0.1385 -0.9901 0.0223 0.519681 0.972437 -0.951779 0.126896 -0.279311 -0.309592 0.0646888 0.948666
283 0.895168 0.662119 -0.576254 -0.1385 -0.9903 0.0056 0.527421 0.994305 -0.946339 0.130744 -0.295549 -0.292688 0.0463549 0.955084
284 0.915021 0.661098 -0.262976 -0.1386 -0.9901 0.0227 0.519157 0.972613 -0.960653 0.128836 -0.246063 -0.347181 0.070041 0.935179
285 0.80448 0.860061 -0.129209 0.0337 0.9987 0.0382 0.876962 0.984563 -0.942259 0.044491 -0.331917 0.355672 0.0237354 -0.93431
286 0.734845 0.853223 -0.119798 -0.0922 0.9949 0.0405 0.881476 0.987022 -0.933531 -0.0722184 -0.351148 0.360323 0.0712543 -0.930102
287 0.804548 0.85976 -0.121683 0.0254 0.9989 0.0383 0.876758 0.985081 -0.953758 0.0357008 -0.298449 0.347766 0.027089 -0.93719
288 0.916105 0.809116 -0.142879 0.9003 -0.1008 0.4234 0.492316 0.983938 0.0721025 0.993912 0.0833071 0.430797 0.0677077 -0.899905
289 0.907686 0.73498 -0.145694 0.8615 -0.0258 0.5071 0.486827 0.984192 -0.0155823 0.996894 0.0771919 0.50769 0.0598894 -0.859456
290 0.911688 0.732954 -0.150709 0.9757 -0.0037 0.219 0.486652 0.983811 -0.012454 0.997302 0.0723372 0.218698 0.0719663 -0.973135
291 0.916105 0.809116 -0.142879 0.9003 -0.1008 0.4234 0.492316 0.983938 0.0721025 0.993912 0.0833071 0.430797 0.0677077 -0.899905
292 0.911688 0.732954 -0.150709 0.9757 -0.0037 0.219 0.486652 0.983811 -0.012454 0.997302 0.0723372 0.218698 0.0719663 -0.973135
293 0.916807 0.80485 -0.147998 0.9748 -0.097 0.201 0.491973 0.983582 0.0811211 0.993004 0.0858014 0.20725 0.05921 -0.976495
294 0.913285 0.812979 -0.137882 0.7128 -0.0957 0.6948 0.492627 0.984301 0.0619319 0.995366 0.0735629 0.70022 0.040583 -0.712773
295 0.904665 0.736949 -0.140809 0.7132 -0.0392 0.6998 0.486997 0.984558 -0.0363342 0.995025 0.0927632 0.700872 0.051003 -0.711461
296 0.907686 0.73498 -0.145694 0.8615 -0.0258 0.5071 0.486827 0.984192 -0.0155823 0.996894 0.0771919 0.50769 0.0598894 -0.859456
297 0.913285 0.812979 -0.137882 0.7128 -0.0957 0.6948 0.492627 0.984301 0.0619319 0.995366 0.0735629 0.70022 0.040583 -0.712773
298 0.907686 0.73498 -0.145694 0.8615 -0.0258 0.5071 0.486827 0.984192 -0.0155823 0.996894 0.0771919 0.50769 0.0598894 -0.859456
299 0.916105 0.809116 -0.142879 0.9003 -0.1008 0.4234 0.492316 0.983938 0.0721025 0.993912 0.0833071 0.430797 0.0677077 -0.899905
300 0.908792 0.815894 -0.134436 0.4135 -0.0761 0.9073 0.457634 0.989655 0.909864 -0.00274879 -0.414898 -0.0285994 -0.997095 -0.0705974
301 0.900073 0.738606 -0.137441 0.4081 -0.0443 0.9119 0.457132 0.983921 0.91267 -0.00464721 -0.408671 -0.0269762 -0.998971 -0.0364583
302 0.904665 0.736949 -0.140809 0.7133 -0.0392 0.6998 0.457507 0.983796 0.700618 0.0130342 -0.713417 -0.0243863 -0.999218 -0.0311157
303 0.908792 0.815894 -0.134436 0.4135 -0.0761 0.9073 0.457634 0.989655 0.909864 -0.00274879 -0.414898 -0.0285994 -0.997095 -0.0705974
304 0.904665 0.736949 -0.140809 0.7133 -0.0392 0.6998 0.457507 0.983796 0.700618 0.0130342 -0.713417 -0.0243863 -0.999218 -0.0311157
305 0.913285 0.812979 -0.137882 0.7128 -0.0957 0.6948 0.458005 0.989436 0.699511 0.0250267 -0.714183 -0.0426615 -0.994729 -0.0932444
306 0.90387 0.817377 -0.13311 0.1544 -0.0621 0.9861 0.457258 0.98976 0.987594 -0.0192327 -0.155845 -0.0255326 -0.99794 -0.0588477
307 0.895142 0.739644 -0.13614 0.1509 -0.0531 0.9871 0.456755 0.983993 0.988193 -0.0186819 -0.152073 -0.0254259 -0.998434 -0.0498219
308 0.900073 0.738606 -0.137441 0.4081 -0.0443 0.9119 0.457132 0.983921 0.91267 -0.00464721 -0.408671 -0.0269762 -0.998971 -0.0364583
309 0.90387 0.817377 -0.13311 0.1544 -0.0621 0.9861 0.457258 0.98976 0.987594 -0.0192327 -0.155845 -0.0255326 -0.99794 -0.0588477
310 0.900073 0.738606 -0.137441 0.4081 -0.0443 0.9119 0.457132 0.983921 0.91267 -0.00464721 -0.408671 -0.0269762 -0.998971 -0.0364583
311 0.908792 0.815894 -0.134436 0.4135 -0.0761 0.9073 0.457634 0.989655 0.909864 -0.00274879 -0.414898 -0.0285994 -0.997095 -0.0705974
312 0.91712 0.663726 -0.189569 0.9902 0.1345 -0.0375 0.481332 0.981306 -0.13209 0.989378 0.0606861 -0.0444604 0.0491223 -0.997803
313 0.911016 0.704596 -0.1906 0.9945 0.0897 -0.0542 0.484336 0.98104 -0.0869451 0.994896 0.0512093 -0.0551914 0.00861497 -0.998439
314 0.911688 0.732954 -0.150709 0.9757 -0.0037 0.219 0.486652 0.983811 -0.012454 0.997302 0.0723372 0.218698 0.0719663 -0.973135
315 0.91712 0.663726 -0.189569 0.9902 0.1345 -0.0375 0.481332 0.981306 -0.13209 0.989378 0.0606861 -0.0444604 0.0491223 -0.997803
316 0.911688 0.732954 -0.150709 0.9757 -0.0037 0.219 0.486652 0.983811 -0.012454 0.997302 0.0723372 0.218698 0.0719663 -0.973135
317 0.915743 0.66106 -0.153419 0.971 0.0714 0.228 0.481337 0.983986 -0.0888193 0.993788 0.0670501 0.223617 0.064588 -0.972535
318 0.915021 0.661098 -0.262976 0.9913 0.1248 -0.0427 0.481372 0.974391 -0.124972 0.992159 -0.00149606 -0.0396713 -0.0266364 -0.998858
319 0.906144 0.701087 -0.263124 0.9937 0.0991 -0.053 0.484324 0.974443 -0.0995364 0.995017 -0.00576928 -0.0502147 -0.0303623 -0.998277
320 0.911016 0.704596 -0.1906 0.9945 0.0897 -0.0542 0.484336 0.98104 -0.0869451 0.994896 0.0512093 -0.0551914 0.00861497 -0.998439
321 0.915021 0.661098 -0.262976 0.9913 0.1248 -0.0427 0.481372 0.974391 -0.124972 0.992159 -0.00149606 -0.0396713 -0.0266364 -0.998858
322 0.911016 0.704596 -0.1906 0.9945 0.0897 -0.0542 0.484336 0.98104 -0.0869451 0.994896 0.0512093 -0.0551914 0.00861497 -0.998439
323 0.91712 0.663726 -0.189569 0.9902 0.1345 -0.0375 0.481332 0.981306 -0.13209 0.989378 0.0606861 -0.0444604 0.0491223 -0.997803
324 0.80448 0.860061 -0.129209 -0.0755 0.0592 -0.9954 0.807134 0.979076 0.99686 -0.0194027 -0.0767651 0.0239632 0.998056 0.0575405
325 0.791491 0.836212 -0.129889 -0.0646 0.0602 -0.9961 0.806217 0.98086 0.997636 -0.0195552 -0.0658816 0.0241388 0.997981 0.0587482
326 0.734778 0.853523 -0.127323 -0.0755 0.0592 -0.9954 0.801998 0.979664 0.996902 -0.0175836 -0.0766608 0.0249465 0.998036 0.0574649
327 0.791491 0.836212 -0.129889 -0.0646 0.0602 -0.9961 0.806217 0.98086 0.997636 -0.0195552 -0.0658816 0.0241388 0.997981 0.0587482
328 0.80448 0.860061 -0.129209 -0.0755 0.0592 -0.9954 0.807134 0.979076 0.99686 -0.0194027 -0.0767651 0.0239632 0.998056 0.0575405
329 0.902972 0.81777 -0.140578 -0.1438 0.0571 -0.988 0.81446 0.982054 0.989225 -0.0194843 -0.145104 0.0240476 0.998241 0.0541921
330 0.902972 0.81777 -0.140578 -0.1438 0.0571 -0.988 0.81446 0.982054 0.989225 -0.0194843 -0.145104 0.0240476 0.998241 0.0541921
331 0.80448 0.860061 -0.129209 -0.0755 0.0592 -0.9954 0.807134 0.979076 0.99686 -0.0194027 -0.0767651 0.0239632 0.998056 0.0575405
332 0.904981 0.845032 -0.139343 -0.1463 0.0601 -0.9874 0.81456 0.980035 0.988788 -0.0212704 -0.147802 0.0250143 0.998058 0.0570424
333 0.791491 0.836212 -0.129889 -0.0646 0.0602 -0.9961 0.806217 0.98086 0.997636 -0.0195552 -0.0658816 0.0241388 0.997981 0.0587482
334 0.750338 0.679687 -0.139779 -0.0535 0.0612 -0.9967 0.80348 0.992502 0.998298 -0.0199424 -0.0548104 0.0248871 0.997892 0.0599372
335 0.732925 0.837715 -0.127986 -0.0536 0.0612 -0.9967 0.801889 0.980836 0.99832 -0.0187144 -0.0548369 0.0255118 0.997878 0.0599001
336 0.750338 0.679687 -0.139779 -0.0535 0.0612 -0.9967 0.80348 0.992502 0.998298 -0.0199424 -0.0548104 0.0248871 0.997892 0.0599372
337 0.791491 0.836212 -0.129889 -0.0646 0.0602 -0.9961 0.806217 0.98086 0.997636 -0.0195552 -0.0658816 0.0241388 0.997981 0.0587482
338 0.902972 0.81777 -0.140578 -0.1438 0.0571 -0.988 0.81446 0.982054 0.989225 -0.0194843 -0.145104 0.0240476 0.998241 0.0541921
339 0.750338 0.679687 -0.139779 -0.0535 0.0612 -0.9967 0.80348 0.992502 0.998298 -0.0199424 -0.0548104 0.0248871 0.997892 0.0599372
340 0.902972 0.81777 -0.140578 -0.1438 0.0571 -0.988 0.81446 0.982054 0.989225 -0.0194843 -0.145104 0.0240476 0.998241 0.0541921
341 0.900755 0.662627 -0.14661 -0.1482 0.0507 -0.9877 0.814562 0.993532 0.988609 -0.0189747 -0.149309 0.0246252 0.998565 0.0475637
342 0.890884 0.694808 -0.591831 -0.997 -0.0694 0.0342 0.820825 0.984943 -0.069546 0.997574 -0.00309878 0.0341853 0.00140008 0.999415
343 0.89383 0.741952 -0.263109 -0.9993 0.0249 0.0263 0.824275 0.960768 0.0252832 0.999579 0.0142103 0.026685 0.0152325 0.999528
344 0.891409 0.740567 -0.512717 -0.998 0.0566 0.0263 0.824199 0.979114 0.0564606 0.998388 -0.00588712 0.0263694 0.00048568 0.999652
345 0.89383 0.741952 -0.263109 -0.9993 0.0249 0.0263 0.824275 0.960768 0.0252832 0.999579 0.0142103 0.026685 0.0152325 0.999528
346 0.890884 0.694808 -0.591831 -0.997 -0.0694 0.0342 0.820825 0.984943 -0.069546 0.997574 -0.00309878 0.0341853 0.00140008 0.999415
347 0.907619 0.662134 -0.262796 -0.9923 -0.1182 0.0359 0.818393 0.960869 -0.117908 0.992972 0.0102468 0.0330516 0.0259852 0.999116
348 0.907619 0.662134 -0.262796 -0.9923 -0.1182 0.0359 0.818393 0.960869 -0.117908 0.992972 0.0102468 0.0330516 0.0259852 0.999116
349 0.890884 0.694808 -0.591831 -0.997 -0.0694 0.0342 0.820825 0.984943 -0.069546 0.997574 -0.00309878 0.0341853 0.00140008 0.999415
350 0.887763 0.663156 -0.576061 -0.997 -0.0693 0.0342 0.818477 0.983769 -0.0687762 0.997501 0.0161733 0.0344005 -0.00168859 0.999407
351 0.905326 0.844068 -0.575176 -0.9863 0.1639 0.0192 0.831882 0.983784 0.164183 0.986325 0.0143593 0.0197271 0.00159013 0.999804
352 0.89383 0.741952 -0.263109 -0.9993 0.0249 0.0263 0.824275 0.960768 0.0252832 0.999579 0.0142103 0.026685 0.0152325 0.999528
353 0.913282 0.844068 -0.266533 -0.9848 0.1732 0.0159 0.831856 0.961136 0.173398 0.98477 0.0126568 0.0145337 -0.00915201 0.999852
354 0.89383 0.741952 -0.263109 -0.9993 0.0249 0.0263 0.824275 0.960768 0.0252832 0.999579 0.0142103 0.026685 0.0152325 0.999528
355 0.905326 0.844068 -0.575176 -0.9863 0.1639 0.0192 0.831882 0.983784 0.164183 0.986325 0.0143593 0.0197271 0.00159013 0.999804
356 0.890042 0.746853 -0.592025 -0.9863 0.1639 0.0192 0.824672 0.984937 0.163965 0.986465 0.00182423 0.0195063 0.000259575 0.99981
357 0.89383 0.741952 -0.263109 -0.9993 0.0249 0.0263 0.824275 0.960768 0.0252832 0.999579 0.0142103 0.026685 0.0152325 0.999528
358 0.890042 0.746853 -0.592025 -0.9863 0.1639 0.0192 0.824672 0.984937 0.163965 0.986465 0.00182423 0.0195063 0.000259575 0.99981
359 0.891409 0.740567 -0.512717 -0.998 0.0566 0.0263 0.824199 0.979114 0.0561751 0.99829 -0.0161869 0.0263705 0.000504602 0.999652
360 0.791576 0.83591 -0.122364 0.0652 -0.0605 0.996 0.449008 0.990928 0.99751 -0.0229335 -0.0666909 -0.0252608 -0.99794 -0.0589645
361 0.804548 0.85976 -0.121683 0.0754 -0.0592 0.9954 0.449918 0.992715 0.996778 -0.0229197 -0.0768677 -0.0244852 -0.998045 -0.0575026
362 0.734845 0.853223 -0.119798 0.0755 -0.059 0.9954 0.444809 0.992111 0.996829 -0.0206999 -0.0768354 -0.0254478 -0.998037 -0.0572261
363 0.804548 0.85976 -0.121683 0.0754 -0.0592 0.9954 0.449918 0.992715 0.996778 -0.0229197 -0.0768677 -0.0244852 -0.998045 -0.0575026
364 0.791576 0.83591 -0.122364 0.0652 -0.0605 0.996 0.449008 0.990928 0.99751 -0.0229335 -0.0666909 -0.0252608 -0.99794 -0.0589645
365 0.90387 0.817377 -0.13311 0.1544 -0.0621 0.9861 0.457258 0.98976 0.987594 -0.0192327 -0.155845 -0.0255326 -0.99794 -0.0588477
366 0.804548 0.85976 -0.121683 0.0754 -0.0592 0.9954 0.449918 0.992715 0.996778 -0.0229197 -0.0768677 -0.0244852 -0.998045 -0.0575026
367 0.90387 0.817377 -0.13311 0.1544 -0.0621 0.9861 0.457258 0.98976 0.987594 -0.0192327 -0.155845 -0.0255326 -0.99794 -0.0588477
368 0.905824 0.844655 -0.131868 0.1549 -0.0606 0.9861 0.457351 0.991782 0.98753 -0.0189397 -0.156286 -0.026495 -0.998013 -0.0571703
369 0.750439 0.679384 -0.132254 0.0549 -0.0618 0.9966 0.446315 0.97926 0.998118 -0.0239286 -0.0564678 -0.0264518 -0.997823 -0.0604187
370 0.791576 0.83591 -0.122364 0.0652 -0.0605 0.996 0.449008 0.990928 0.99751 -0.0229335 -0.0666909 -0.0252608 -0.99794 -0.0589645
371 0.733027 0.837412 -0.120461 0.0549 -0.0618 0.9966 0.444704 0.990938 0.998173 -0.0218436 -0.0563423 -0.0279742 -0.997786 -0.0603321
372 0.791576 0.83591 -0.122364 0.0652 -0.0605 0.996 0.449008 0.990928 0.99751 -0.0229335 -0.0666909 -0.0252608 -0.99794 -0.0589645
373 0.750439 0.679384 -0.132254 0.0549 -0.0618 0.9966 0.446315 0.97926 0.998118 -0.0239286 -0.0564678 -0.0264518 -0.997823 -0.0604187
374 0.90387 0.817377 -0.13311 0.1544 -0.0621 0.9861 0.457258 0.98976 0.987594 -0.0192327 -0.155845 -0.0255326 -0.99794 -0.0588477
375 0.90387 0.817377 -0.13311 0.1544 -0.0621 0.9861 0.457258 0.98976 0.987594 -0.0192327 -0.155845 -0.0255326 -0.99794 -0.0588477
376 0.750439 0.679384 -0.132254 0.0549 -0.0618 0.9966 0.446315 0.97926 0.998118 -0.0239286 -0.0564678 -0.0264518 -0.997823 -0.0604187
377 0.895142 0.739644 -0.13614 0.1509 -0.0531 0.9871 0.456755 0.983993 0.988193 -0.0186819 -0.152073 -0.0254259 -0.998434 -0.0498219
378 0.895142 0.739644 -0.13614 0.1509 -0.0531 0.9871 0.456755 0.983993 0.988193 -0.0186819 -0.152073 -0.0254259 -0.998434 -0.0498219
379 0.750439 0.679384 -0.132254 0.0549 -0.0618 0.9966 0.446315 0.97926 0.998118 -0.0239286 -0.0564678 -0.0264518 -0.997823 -0.0604187
380 0.901658 0.661911 -0.139169 0.166 -0.0365 0.9855 0.457367 0.978254 0.985849 -0.0176124 -0.16671 -0.0233509 -0.99918 -0.0330747
381 0.901309 0.741076 -0.263273 0.9978 -0.042 -0.0509 0.487278 0.974472 0.0424167 0.999075 0.00710512 -0.0513263 -0.00912376 -0.99864
382 0.898361 0.693922 -0.592023 0.9972 0.0682 -0.0307 0.48386 0.950244 -0.0684269 0.997636 -0.00640188 -0.0305735 -0.00289789 -0.999528
383 0.898886 0.739685 -0.512911 0.9981 -0.0571 -0.0247 0.487228 0.956085 0.0569043 0.998341 -0.00873924 -0.0248549 -0.00200056 -0.999689
384 0.898361 0.693922 -0.592023 0.9972 0.0682 -0.0307 0.48386 0.950244 -0.0684269 0.997636 -0.00640188 -0.0305735 -0.00289789 -0.999528
385 0.901309 0.741076 -0.263273 0.9978 -0.042 -0.0509 0.487278 0.974472 0.0424167 0.999075 0.00710512 -0.0513263 -0.00912376 -0.99864
386 0.906144 0.701087 -0.263124 0.9937 0.0991 -0.053 0.484324 0.974443 -0.0995364 0.995017 -0.00576928 -0.0502147 -0.0303623 -0.998277
387 0.898361 0.693922 -0.592023 0.9972 0.0682 -0.0307 0.48386 0.950244 -0.0684269 0.997636 -0.00640188 -0.0305735 -0.00289789 -0.999528
388 0.906144 0.701087 -0.263124 0.9937 0.0991 -0.053 0.484324 0.974443 -0.0995364 0.995017 -0.00576928 -0.0502147 -0.0303623 -0.998277
389 0.915021 0.661098 -0.262976 0.9913 0.1248 -0.0427 0.481372 0.974391 -0.124972 0.992159 -0.00149606 -0.0396713 -0.0266364 -0.998858
390 0.898361 0.693922 -0.592023 0.9972 0.0682 -0.0307 0.48386 0.950244 -0.0684269 0.997636 -0.00640188 -0.0305735 -0.00289789 -0.999528
391 0.915021 0.661098 -0.262976 0.9913 0.1248 -0.0427 0.481372 0.974391 -0.124972 0.992159 -0.00149606 -0.0396713 -0.0266364 -0.998858
392 0.895168 0.662119 -0.576254 0.9972 0.0682 -0.0307 0.481502 0.951417 -0.0678156 0.997608 0.0134027 -0.030767 -6.67834e-05 -0.999527
393 0.901309 0.741076 -0.263273 0.9978 -0.042 -0.0509 0.487278 0.974472 0.0424167 0.999075 0.00710512 -0.0513263 -0.00912376 -0.99864
394 0.912804 0.843188 -0.575371 0.9863 -0.1639 -0.0192 0.494906 0.951427 0.164123 0.986381 0.0107987 -0.0199749 -0.00308255 -0.999796
395 0.920765 0.843225 -0.266684 0.9866 -0.159 -0.0367 0.494848 0.974133 0.159458 0.987155 0.00992032 -0.035412 0.0109276 -0.999313
396 0.912804 0.843188 -0.575371 0.9863 -0.1639 -0.0192 0.494906 0.951427 0.164123 0.986381 0.0107987 -0.0199749 -0.00308255 -0.999796
397 0.901309 0.741076 -0.263273 0.9978 -0.042 -0.0509 0.487278 0.974472 0.0424167 0.999075 0.00710512 -0.0513263 -0.00912376 -0.99864
398 0.89752 0.745974 -0.59222 0.9863 -0.1639 -0.0192 0.487709 0.950249 0.163934 0.986471 0.000193685 -0.0197402 -0.00166811 -0.999804
399 0.89752 0.745974 -0.59222 0.9863 -0.1639 -0.0192 0.487709 0.950249 0.163934 0.986471 0.000193685 -0.0197402 -0.00166811 -0.999804
400 0.901309 0.741076 -0.263273 0.9978 -0.042 -0.0509 0.487278 0.974472 0.0424167 0.999075 0.00710512 -0.0513263 -0.00912376 -0.99864
401 0.898886 0.739685 -0.512911 0.9981 -0.0571 -0.0247 0.487228 0.956085 0.0569043 0.998341 -0.00873924 -0.0248549 -0.00200056 -0.999689
