0 -0.75114 0.752922 -0.99636 -0.4681 0.8794 -0.087 0.925213 0.268411 0.0299308 -0.0826164 -0.996132 0.883172 0.468886 -0.0123499
1 -0.751965 0.755199 -0.968922 -0.4681 0.8794 -0.087 0.923176 0.268411 0.0299258 -0.0826191 -0.996132 0.883172 0.468886 -0.0123503
2 -0.735164 0.764119 -0.969157 -0.4681 0.8794 -0.087 0.923176 0.267004 0.0299308 -0.0826164 -0.996132 0.883172 0.468886 -0.0123499
3 -0.75114 0.752922 -0.99636 -0.4681 0.8794 -0.087 0.925213 0.268411 0.0299308 -0.0826164 -0.996132 0.883172 0.468886 -0.0123499
4 -0.735164 0.764119 -0.969157 -0.4681 0.8794 -0.087 0.923176 0.267004 0.0299308 -0.0826164 -0.996132 0.883172 0.468886 -0.0123499
5 -0.734339 0.761843 -0.996595 -0.4681 0.8794 -0.087 0.925213 0.267004 0.029941 -0.082611 -0.996132 0.883172 0.468886 -0.0123491
6 -0.734339 0.761843 -0.996595 0.2935 0.9534 -0.0703 0.925213 0.267004 0.0299394 -0.0826673 -0.996127 0.955493 -0.290253 0.0527793
7 -0.735164 0.764119 -0.969157 0.2935 0.9534 -0.0703 0.923176 0.267004 0.0299394 -0.0826673 -0.996127 0.955493 -0.290253 0.0527783
8 -0.716987 0.758598 -0.968153 0.2935 0.9534 -0.0703 0.923176 0.26601 0.0299394 -0.0826673 -0.996127 0.955493 -0.290253 0.0527793
9 -0.734339 0.761843 -0.996595 0.2935 0.9534 -0.0703 0.925213 0.267004 0.0299394 -0.0826673 -0.996127 0.955493 -0.290253 0.0527793
10 -0.716987 0.758598 -0.968153 0.2935 0.9534 -0.0703 0.923176 0.26601 0.0299394 -0.0826673 -0.996127 0.955493 -0.290253 0.0527793
11 -0.716162 0.756322 -0.995591 0.2935 0.9534 -0.0703 0.925213 0.26601 0.0299395 -0.0826673 -0.996127 0.955493 -0.290253 0.0527814
12 -0.716162 0.756322 -0.995591 0.8832 0.4689 -0.0124 0.485244 0.224691 -0.0299041 0.0826665 0.996128 -0.468108 0.879373 -0.0870518
13 -0.716987 0.758598 -0.968153 0.8832 0.4689 -0.0124 0.487281 0.224691 -0.0298983 0.0826578 0.996129 -0.468094 0.87938 -0.0870534
14 -0.708082 0.74187 -0.966497 0.8832 0.4689 -0.0124 0.487281 0.225685 -0.0299041 0.0826665 0.996128 -0.468108 0.879373 -0.0870518
15 -0.716162 0.756322 -0.995591 0.8831 0.4689 -0.0124 0.485244 0.224691 -0.0299041 0.0826665 0.996128 -0.468108 0.879373 -0.0870518
16 -0.708082 0.74187 -0.966497 0.8831 0.4689 -0.0124 0.487281 0.225685 -0.0299041 0.0826665 0.996128 -0.468108 0.879373 -0.0870518
17 -0.707257 0.739593 -0.993935 0.8831 0.4689 -0.0124 0.485244 0.225685 -0.0299157 0.082684 0.996127 -0.468136 0.879359 -0.0870486
18 -0.707257 0.739593 -0.993935 0.9555 -0.2902 0.0528 0.485244 0.225685 -0.0299396 0.082661 0.996128 0.293443 0.953389 -0.0702857
19 -0.708082 0.74187 -0.966497 0.9555 -0.2902 0.0528 0.487281 0.225685 -0.0299399 0.0826602 0.996128 0.293443 0.953389 -0.0702858
20 -0.713665 0.723734 -0.96516 0.9555 -0.2902 0.0528 0.487281 0.227092 -0.0299396 0.082661 0.996128 0.293443 0.953389 -0.0702857
21 -0.707257 0.739593 -0.993935 0.9555 -0.2902 0.0528 0.485244 0.225685 -0.0299396 0.082661 0.996128 0.293443 0.953389 -0.0702857
22 -0.713665 0.723734 -0.96516 0.9555 -0.2902 0.0528 0.487281 0.227092 -0.0299396 0.082661 0.996128 0.293443 0.953389 -0.0702857
23 -0.71284 0.721457 -0.992598 0.9555 -0.2902 0.0528 0.485244 0.227092 -0.0299391 0.0826628 0.996128 0.293443 0.953389 -0.0702856
24 -0.71284 0.721457 -0.992598 0.4681 -0.8794 0.087 0.937833 0.468455 0.0299308 -0.0826164 -0.996132 -0.883172 -0.468886 0.012349
25 -0.713665 0.723734 -0.96516 0.4681 -0.8794 0.087 0.935795 0.468455 0.0299258 -0.0826191 -0.996132 -0.883172 -0.468886 0.0123475
26 -0.730465 0.714813 -0.964925 0.4681 -0.8794 0.087 0.935795 0.467461 0.0299308 -0.0826164 -0.996132 -0.883172 -0.468886 0.012349
27 -0.71284 0.721457 -0.992598 0.4681 -0.8794 0.087 0.937833 0.468455 0.0299308 -0.0826164 -0.996132 -0.883172 -0.468886 0.012349
28 -0.730465 0.714813 -0.964925 0.4681 -0.8794 0.087 0.935795 0.467461 0.0299308 -0.0826164 -0.996132 -0.883172 -0.468886 0.012349
29 -0.72964 0.712537 -0.992363 0.4681 -0.8794 0.087 0.937833 0.467461 0.029941 -0.082611 -0.996132 -0.883172 -0.468886 0.0123519
30 -0.72964 0.712537 -0.992363 -0.2935 -0.9534 0.0703 0.937833 0.467461 0.0299435 -0.0826685 -0.996127 -0.955493 0.290253 -0.0527808
31 -0.730465 0.714813 -0.964925 -0.2935 -0.9534 0.0703 0.935795 0.467461 0.0299395 -0.0826673 -0.996127 -0.955494 0.290253 -0.0527782
32 -0.748642 0.720334 -0.965929 -0.2935 -0.9534 0.0703 0.935795 0.466054 0.0299435 -0.0826685 -0.996127 -0.955493 0.290253 -0.0527808
33 -0.72964 0.712537 -0.992363 -0.2935 -0.9534 0.0703 0.937833 0.467461 0.0299435 -0.0826685 -0.996127 -0.955493 0.290253 -0.0527808
34 -0.748642 0.720334 -0.965929 -0.2935 -0.9534 0.0703 0.935795 0.466054 0.0299435 -0.0826685 -0.996127 -0.955493 0.290253 -0.0527808
35 -0.747817 0.718057 -0.993367 -0.2935 -0.9534 0.0703 0.937833 0.466054 0.0299515 -0.082671 -0.996127 -0.955493 0.290252 -0.0527858
36 -0.747817 0.718057 -0.993367 -0.8832 -0.4689 0.0124 0.937833 0.466054 0.0299089 -0.0826775 -0.996127 -0.468094 0.87938 -0.0870542
37 -0.748642 0.720334 -0.965929 -0.8832 -0.4689 0.0124 0.935795 0.466054 0.0299139 -0.082687 -0.996127 -0.468094 0.87938 -0.0870567
38 -0.757547 0.737062 -0.967585 -0.8832 -0.4689 0.0124 0.935795 0.465059 0.0299089 -0.0826775 -0.996127 -0.468094 0.87938 -0.0870542
39 -0.747817 0.718057 -0.993367 -0.8832 -0.4689 0.0124 0.937833 0.466054 0.0299089 -0.0826775 -0.996127 -0.468094 0.87938 -0.0870542
40 -0.757547 0.737062 -0.967585 -0.8832 -0.4689 0.0124 0.935795 0.465059 0.0299089 -0.0826775 -0.996127 -0.468094 0.87938 -0.0870542
41 -0.756722 0.734786 -0.995023 -0.8832 -0.4689 0.0124 0.937833 0.465059 0.0298988 -0.0826587 -0.996129 -0.468094 0.879381 -0.0870492
42 -0.756722 0.734786 -0.995023 -0.9555 0.2902 -0.0528 0.925213 0.269406 0.0299461 -0.0826401 -0.996129 0.293443 0.95339 -0.070281
43 -0.757547 0.737062 -0.967585 -0.9555 0.2902 -0.0528 0.923176 0.269406 0.0299496 -0.0826287 -0.99613 0.293443 0.95339 -0.0702796
44 -0.751965 0.755199 -0.968922 -0.9555 0.2902 -0.0528 0.923176 0.268411 0.0299461 -0.0826401 -0.996129 0.293443 0.95339 -0.070281
45 -0.756722 0.734786 -0.995023 -0.9555 0.2902 -0.0528 0.925213 0.269406 0.0299461 -0.0826401 -0.996129 0.293443 0.95339 -0.070281
46 -0.751965 0.755199 -0.968922 -0.9555 0.2902 -0.0528 0.923176 0.268411 0.0299461 -0.0826401 -0.996129 0.293443 0.95339 -0.070281
47 -0.75114 0.752922 -0.99636 -0.9555 0.2902 -0.0528 0.925213 0.268411 0.0299391 -0.0826628 -0.996128 0.293443 0.953389 -0.0702839
48 -0.730465 0.714813 -0.964925 -0.0299 0.0827 0.9961 0.295024 0.886282 0.955504 -0.290215 0.0527984 -0.29355 -0.953355 0.0702979
49 -0.757547 0.737062 -0.967585 -0.0299 0.0827 0.9961 0.292622 0.887276 0.955504 -0.290212 0.0528166 -0.293519 -0.953365 0.0703027
50 -0.748642 0.720334 -0.965929 -0.0299 0.0827 0.9961 0.293617 0.886282 0.955504 -0.29022 0.0527766 -0.293619 -0.953332 0.0703356
51 -0.757547 0.737062 -0.967585 -0.03 0.0826 0.9961 0.292622 0.887276 0.955504 -0.290212 0.0528166 -0.293519 -0.953365 0.0703027
52 -0.730465 0.714813 -0.964925 -0.03 0.0826 0.9961 0.295024 0.886282 0.955504 -0.290215 0.0527984 -0.29355 -0.953355 0.0702979
53 -0.713665 0.723734 -0.96516 -0.03 0.0826 0.9961 0.296019 0.887276 0.955503 -0.29021 0.0528331 -0.293436 -0.953392 0.0702762
54 -0.757547 0.737062 -0.967585 -0.03 0.0827 0.9961 0.292622 0.887276 0.955504 -0.290212 0.0528166 -0.293519 -0.953365 0.0703027
55 -0.713665 0.723734 -0.96516 -0.03 0.0827 0.9961 0.296019 0.887276 0.955503 -0.29021 0.0528331 -0.293436 -0.953392 0.0702762
56 -0.751965 0.755199 -0.968922 -0.03 0.0827 0.9961 0.292622 0.888683 0.955502 -0.290213 0.0528479 -0.293449 -0.953385 0.070323
57 -0.751965 0.755199 -0.968922 -0.0299 0.0827 0.9961 0.292622 0.888683 0.955502 -0.290213 0.0528479 -0.293449 -0.953385 0.070323
58 -0.713665 0.723734 -0.96516 -0.0299 0.0827 0.9961 0.296019 0.887276 0.955503 -0.29021 0.0528331 -0.293436 -0.953392 0.0702762
59 -0.708082 0.74187 -0.966497 -0.0299 0.0827 0.9961 0.296019 0.888683 0.955501 -0.290223 0.0528007 -0.293504 -0.953367 0.0703346
60 -0.751965 0.755199 -0.968922 -0.03 0.0827 0.9961 0.292622 0.888683 0.955502 -0.290213 0.0528479 -0.293449 -0.953385 0.070323
61 -0.708082 0.74187 -0.966497 -0.03 0.0827 0.9961 0.296019 0.888683 0.955501 -0.290223 0.0528007 -0.293504 -0.953367 0.0703346
62 -0.735164 0.764119 -0.969157 -0.03 0.0827 0.9961 0.293617 0.889678 0.9555 -0.290219 0.0528404 -0.293496 -0.95337 0.0703228
63 -0.735164 0.764119 -0.969157 -0.0299 0.0827 0.9961 0.293617 0.889678 0.9555 -0.290219 0.0528404 -0.293496 -0.95337 0.0703228
64 -0.708082 0.74187 -0.966497 -0.0299 0.0827 0.9961 0.296019 0.888683 0.955501 -0.290223 0.0528007 -0.293504 -0.953367 0.0703346
65 -0.716987 0.758598 -0.968153 -0.0299 0.0827 0.9961 0.295024 0.889678 0.955503 -0.290221 0.0527766 -0.293586 -0.953341 0.0703374
66 -0.756722 0.734786 -0.995023 0.0299 -0.0827 -0.9961 0.913422 0.267004 -0.955477 0.290301 -0.0528145 -0.293501 -0.953368 0.0703324
67 -0.72964 0.712537 -0.992363 0.0299 -0.0827 -0.9961 0.91102 0.26601 -0.9555 0.290222 -0.0528246 -0.293484 -0.953373 0.0703284
68 -0.747817 0.718057 -0.993367 0.0299 -0.0827 -0.9961 0.912427 0.26601 -0.955518 0.290172 -0.0527731 -0.293532 -0.953358 0.0703404
69 -0.72964 0.712537 -0.992363 0.03 -0.0827 -0.9961 0.91102 0.26601 -0.9555 0.290222 -0.0528246 -0.293484 -0.953373 0.0703284
70 -0.756722 0.734786 -0.995023 0.03 -0.0827 -0.9961 0.913422 0.267004 -0.955477 0.290301 -0.0528145 -0.293501 -0.953368 0.0703324
71 -0.75114 0.752922 -0.99636 0.03 -0.0827 -0.9961 0.913422 0.268411 -0.955472 0.290311 -0.0528407 -0.293453 -0.953383 0.0703272
72 -0.72964 0.712537 -0.992363 0.03 -0.0827 -0.9961 0.91102 0.26601 -0.9555 0.290222 -0.0528246 -0.293484 -0.953373 0.0703284
73 -0.75114 0.752922 -0.99636 0.03 -0.0827 -0.9961 0.913422 0.268411 -0.955472 0.290311 -0.0528407 -0.293453 -0.953383 0.0703272
74 -0.71284 0.721457 -0.992598 0.03 -0.0827 -0.9961 0.910025 0.267004 -0.955548 0.290066 -0.052829 -0.293453 -0.953383 0.0703252
75 -0.71284 0.721457 -0.992598 0.0299 -0.0827 -0.9961 0.910025 0.267004 -0.955548 0.290066 -0.052829 -0.293453 -0.953383 0.0703252
76 -0.75114 0.752922 -0.99636 0.0299 -0.0827 -0.9961 0.913422 0.268411 -0.955472 0.290311 -0.0528407 -0.293453 -0.953383 0.0703272
77 -0.707257 0.739593 -0.993935 0.0299 -0.0827 -0.9961 0.910025 0.268411 -0.955502 0.290222 -0.0528007 -0.293496 -0.953369 0.0703351
78 -0.707257 0.739593 -0.993935 0.0299 -0.0827 -0.9961 0.910025 0.268411 -0.955502 0.290222 -0.0528007 -0.293496 -0.953369 0.0703351
79 -0.75114 0.752922 -0.99636 0.0299 -0.0827 -0.9961 0.913422 0.268411 -0.955472 0.290311 -0.0528407 -0.293453 -0.953383 0.0703272
80 -0.734339 0.761843 -0.996595 0.0299 -0.0827 -0.9961 0.912427 0.269406 -0.955501 0.290221 -0.0528086 -0.293487 -0.953372 0.0703332
81 -0.707257 0.739593 -0.993935 0.03 -0.0827 -0.9961 0.910025 0.268411 -0.955502 0.290222 -0.0528007 -0.293496 -0.953369 0.0703351
82 -0.734339 0.761843 -0.996595 0.03 -0.0827 -0.9961 0.912427 0.269406 -0.955501 0.290221 -0.0528086 -0.293487 -0.953372 0.0703332
83 -0.716162 0.756322 -0.995591 0.03 -0.0827 -0.9961 0.91102 0.269406 -0.9555 0.290213 -0.0528718 -0.293541 -0.953357 0.0703106
