0 -1.01064 -0.813539 -0.183149 0.9217 -0.3868 -0.0296 0.211156 0.663322 0.0120858 -0.0476339 0.998792 0.387199 0.921951 0.00916197
1 -0.985358 -0.753358 -0.182551 0.9217 -0.3868 -0.0296 0.211156 0.658932 0.0118765 -0.0481309 0.99877 0.387199 0.921951 0.00916194
2 -0.985136 -0.753443 -0.17455 0.9217 -0.3868 -0.0296 0.211747 0.65891 0.0120858 -0.0476339 0.998792 0.387199 0.921951 0.00916197
3 -1.01064 -0.813539 -0.183149 0.9217 -0.3868 -0.0296 0.211156 0.663322 0.0120858 -0.0476339 0.998792 0.387199 0.921951 0.00916197
4 -0.985136 -0.753443 -0.17455 0.9217 -0.3868 -0.0296 0.211747 0.65891 0.0120858 -0.0476339 0.998792 0.387199 0.921951 0.00916197
5 -1.01041 -0.813625 -0.175148 0.9217 -0.3868 -0.0296 0.211747 0.663301 0.0125043 -0.0466398 0.998834 0.387199 0.921951 0.00916202
6 -1.44755 -0.725134 -0.315809 0.9979 0.0636 -0.0117 0.976185 0.809933 -0.0635602 0.997971 0.00379878 -0.0117029 -0.000327163 -0.999931
7 -1.44536 -0.726759 -0.217955 0.9973 0.0564 -0.0479 0.976061 0.817158 -0.0562946 0.998408 0.00343253 -0.0478383 -0.00247334 -0.998852
8 -1.43312 -0.826782 -0.226117 0.9918 0.1277 -0.0091 0.968636 0.816612 -0.127635 0.991796 0.00707366 -0.00948445 0.00241713 -0.999952
9 -1.44755 -0.725134 -0.315809 0.9979 0.0636 -0.0117 0.976185 0.809933 -0.0635602 0.997971 0.00379878 -0.0117029 -0.000327163 -0.999931
10 -1.43312 -0.826782 -0.226117 0.9918 0.1277 -0.0091 0.968636 0.816612 -0.127635 0.991796 0.00707366 -0.00948445 0.00241713 -0.999952
11 -1.43828 -0.827383 -0.315809 0.9955 0.0942 -0.0133 0.968604 0.80997 -0.0941388 0.995547 0.00493247 -0.01345 0.00097927 -0.999909
12 -1.45076 -0.628376 -0.315809 0.9994 0.0328 -0.01 0.983346 0.809933 -0.0328012 0.999462 8.06294e-05 -0.00999891 -0.000201874 -0.99995
13 -1.44658 -0.629869 -0.209792 0.998 0.0224 -0.0585 0.983226 0.81777 -0.0224848 0.999747 -0.000783602 -0.0584747 -0.00188664 -0.998287
14 -1.44536 -0.726759 -0.217955 0.9973 0.0564 -0.0479 0.976061 0.817158 -0.0562946 0.998408 0.00343253 -0.0478383 -0.00247334 -0.998852
15 -1.45076 -0.628376 -0.315809 0.9994 0.0328 -0.01 0.983346 0.809933 -0.0328012 0.999462 8.06294e-05 -0.00999891 -0.000201874 -0.99995
16 -1.44536 -0.726759 -0.217955 0.9973 0.0564 -0.0479 0.976061 0.817158 -0.0562946 0.998408 0.00343253 -0.0478383 -0.00247334 -0.998852
17 -1.44755 -0.725134 -0.315809 0.9979 0.0636 -0.0117 0.976185 0.809933 -0.0635602 0.997971 0.00379878 -0.0117029 -0.000327163 -0.999931
18 -1.44658 -0.629869 -0.209792 0.998 0.0224 -0.0585 0.983226 0.81777 -0.0224848 0.999747 -0.000783602 -0.0584747 -0.00188664 -0.998287
19 -1.44367 -0.631662 -0.174548 0.973 0.0269 -0.2292 0.983087 0.820385 -0.0277204 0.999616 -0.000358782 -0.229068 -0.00798961 -0.973378
20 -1.44084 -0.783277 -0.179867 0.9802 0.0989 -0.1713 0.971872 0.819981 -0.0995772 0.995019 0.00468573 -0.171313 -0.00847244 -0.98518
21 -1.44658 -0.629869 -0.209792 0.998 0.0224 -0.0585 0.983226 0.81777 -0.0224848 0.999747 -0.000783602 -0.0584747 -0.00188664 -0.998287
22 -1.44084 -0.783277 -0.179867 0.9802 0.0989 -0.1713 0.971872 0.819981 -0.0995772 0.995019 0.00468573 -0.171313 -0.00847244 -0.98518
23 -1.44536 -0.726759 -0.217955 0.9973 0.0564 -0.0479 0.976061 0.817158 -0.0562946 0.998408 0.00343253 -0.0478383 -0.00247334 -0.998852
24 -1.43072 -0.793405 -0.172718 0.0885 0.0485 -0.9949 0.621327 0.981973 0.0118013 -0.998795 -0.0476402 0.995859 0.0165693 0.0893929
25 -1.43378 -0.792962 -0.173262 0.3699 0.087 -0.925 0.621293 0.982203 0.0231031 -0.996159 -0.0844546 0.928988 -0.0212232 0.3695
26 -1.43848 -0.631354 -0.1676 0.3413 0.0426 -0.939 0.609385 0.982427 0.0113132 -0.999086 -0.041214 0.939945 -0.0108047 0.341155
27 -1.43072 -0.793405 -0.172718 0.0885 0.0485 -0.9949 0.621327 0.981973 0.0118013 -0.998795 -0.0476402 0.995859 0.0165693 0.0893929
28 -1.43848 -0.631354 -0.1676 0.3413 0.0426 -0.939 0.609385 0.982427 0.0113132 -0.999086 -0.041214 0.939945 -0.0108047 0.341155
29 -1.43558 -0.630973 -0.167027 0.0809 0.0438 -0.9958 0.609358 0.982208 0.0108663 -0.999013 -0.043059 0.996552 0.0149451 0.0816152
30 -1.43378 -0.792962 -0.173262 0.3699 0.087 -0.925 0.621293 0.982203 0.0231031 -0.996159 -0.0844546 0.928988 -0.0212232 0.3695
31 -1.43678 -0.790882 -0.174812 0.6705 0.1218 -0.7319 0.62115 0.982441 0.0449157 -0.991287 -0.123823 0.741343 -0.0709711 0.667363
32 -1.44104 -0.631618 -0.16923 0.6346 0.0437 -0.7716 0.609415 0.982635 0.0130417 -0.998863 -0.0458451 0.772749 -0.0511325 0.632648
33 -1.43378 -0.792962 -0.173262 0.3699 0.087 -0.925 0.621293 0.982203 0.0231031 -0.996159 -0.0844546 0.928988 -0.0212232 0.3695
34 -1.44104 -0.631618 -0.16923 0.6346 0.0437 -0.7716 0.609415 0.982635 0.0130417 -0.998863 -0.0458451 0.772749 -0.0511325 0.632648
35 -1.43848 -0.631354 -0.1676 0.3413 0.0426 -0.939 0.609385 0.982427 0.0113132 -0.999086 -0.041214 0.939945 -0.0108047 0.341155
36 -1.43678 -0.790882 -0.174812 0.6706 0.1218 -0.7318 0.9713 0.820377 -0.133156 0.990171 0.0427873 -0.733923 -0.0348691 -0.678337
37 -1.43926 -0.787481 -0.177131 0.8823 0.1352 -0.4509 0.971557 0.820192 -0.142931 0.989586 0.0170428 -0.454137 -0.00753596 -0.8909
38 -1.44286 -0.631727 -0.17167 0.8524 0.0377 -0.5215 0.98308 0.820602 -0.0448384 0.998994 -0.00107008 -0.521321 -0.0154518 -0.853221
39 -1.43678 -0.790882 -0.174812 0.6706 0.1218 -0.7318 0.9713 0.820377 -0.133156 0.990171 0.0427873 -0.733923 -0.0348691 -0.678337
40 -1.44286 -0.631727 -0.17167 0.8524 0.0377 -0.5215 0.98308 0.820602 -0.0448384 0.998994 -0.00107008 -0.521321 -0.0154518 -0.853221
41 -1.44104 -0.631618 -0.16923 0.6346 0.0437 -0.7716 0.983084 0.820793 -0.0577356 0.998291 0.00905421 -0.771196 -0.0292449 -0.635926
42 -1.43926 -0.787481 -0.177131 0.8823 0.1352 -0.4509 0.971557 0.820192 -0.142931 0.989586 0.0170428 -0.454137 -0.00753596 -0.8909
43 -1.44084 -0.783277 -0.179867 0.9802 0.0989 -0.1713 0.971872 0.819981 -0.0995772 0.995019 0.00468573 -0.171313 -0.00847244 -0.98518
44 -1.44367 -0.631662 -0.174548 0.973 0.0269 -0.2292 0.983087 0.820385 -0.0277204 0.999616 -0.000358782 -0.229068 -0.00798961 -0.973378
45 -1.43926 -0.787481 -0.177131 0.8823 0.1352 -0.4509 0.971557 0.820192 -0.142931 0.989586 0.0170428 -0.454137 -0.00753596 -0.8909
46 -1.44367 -0.631662 -0.174548 0.973 0.0269 -0.2292 0.983087 0.820385 -0.0277204 0.999616 -0.000358782 -0.229068 -0.00798961 -0.973378
47 -1.44286 -0.631727 -0.17167 0.8524 0.0377 -0.5215 0.98308 0.820602 -0.0448384 0.998994 -0.00107008 -0.521321 -0.0154518 -0.853221
48 -1.42327 -0.825213 -0.173584 0.0716 0.0483 -0.9963 0.623681 0.98145 0.0126378 -0.998791 -0.0475122 0.997269 0.0147008 0.0723801
49 -1.42614 -0.825671 -0.174156 0.3569 0.1085 -0.9278 0.623715 0.981667 0.0224273 -0.99394 -0.107608 0.933994 -0.0238724 0.356491
50 -1.43378 -0.792962 -0.173262 0.3699 0.087 -0.925 0.621293 0.982203 0.0231031 -0.996159 -0.0844546 0.928988 -0.0212232 0.3695
51 -1.42327 -0.825213 -0.173584 0.0716 0.0483 -0.9963 0.623681 0.98145 0.0126378 -0.998791 -0.0475122 0.997269 0.0147008 0.0723801
52 -1.43378 -0.792962 -0.173262 0.3699 0.087 -0.925 0.621293 0.982203 0.0231031 -0.996159 -0.0844546 0.928988 -0.0212232 0.3695
53 -1.43072 -0.793405 -0.172718 0.0885 0.0485 -0.9949 0.621327 0.981973 0.0118013 -0.998795 -0.0476402 0.995859 0.0165693 0.0893929
54 -1.42614 -0.825671 -0.174156 0.3569 0.1085 -0.9278 0.623715 0.981667 0.0224273 -0.99394 -0.107608 0.933994 -0.0238724 0.356491
55 -1.42863 -0.826068 -0.175782 0.6717 0.1751 -0.7199 0.623755 0.98187 0.0603928 -0.981376 -0.182355 0.738468 -0.0805427 0.66946
56 -1.43678 -0.790882 -0.174812 0.6705 0.1218 -0.7319 0.62115 0.982441 0.0449157 -0.991287 -0.123823 0.741343 -0.0709711 0.667363
57 -1.42614 -0.825671 -0.174156 0.3569 0.1085 -0.9278 0.623715 0.981667 0.0224273 -0.99394 -0.107608 0.933994 -0.0238724 0.356491
58 -1.43678 -0.790882 -0.174812 0.6705 0.1218 -0.7319 0.62115 0.982441 0.0449157 -0.991287 -0.123823 0.741343 -0.0709711 0.667363
59 -1.43378 -0.792962 -0.173262 0.3699 0.087 -0.925 0.621293 0.982203 0.0231031 -0.996159 -0.0844546 0.928988 -0.0212232 0.3695
60 -1.42863 -0.826068 -0.175782 0.6712 0.1771 -0.7199 0.968678 0.820349 -0.234694 0.971858 0.0202668 -0.723805 -0.0533781 -0.687937
61 -1.43036 -0.826343 -0.178217 0.8884 0.2146 -0.4058 0.968662 0.820158 -0.22776 0.973582 0.0162365 -0.412642 -0.0140066 -0.910786
62 -1.43926 -0.787481 -0.177131 0.8823 0.1352 -0.4509 0.971557 0.820192 -0.142931 0.989586 0.0170428 -0.454137 -0.00753596 -0.8909
63 -1.42863 -0.826068 -0.175782 0.6712 0.1771 -0.7199 0.968678 0.820349 -0.234694 0.971858 0.0202668 -0.723805 -0.0533781 -0.687937
64 -1.43926 -0.787481 -0.177131 0.8823 0.1352 -0.4509 0.971557 0.820192 -0.142931 0.989586 0.0170428 -0.454137 -0.00753596 -0.8909
65 -1.43678 -0.790882 -0.174812 0.6706 0.1218 -0.7318 0.9713 0.820377 -0.133156 0.990171 0.0427873 -0.733923 -0.0348691 -0.678337
66 -1.43036 -0.826343 -0.178217 0.8884 0.2146 -0.4058 0.968662 0.820158 -0.22776 0.973582 0.0162365 -0.412642 -0.0140066 -0.910786
67 -1.43106 -0.826454 -0.181088 0.9772 0.1876 -0.0994 0.968656 0.819943 -0.187256 0.982227 0.012871 -0.099805 -0.00731027 -0.99498
68 -1.44084 -0.783277 -0.179867 0.9802 0.0989 -0.1713 0.971872 0.819981 -0.0995772 0.995019 0.00468573 -0.171313 -0.00847244 -0.98518
69 -1.43036 -0.826343 -0.178217 0.8884 0.2146 -0.4058 0.968662 0.820158 -0.22776 0.973582 0.0162365 -0.412642 -0.0140066 -0.910786
70 -1.44084 -0.783277 -0.179867 0.9802 0.0989 -0.1713 0.971872 0.819981 -0.0995772 0.995019 0.00468573 -0.171313 -0.00847244 -0.98518
71 -1.43926 -0.787481 -0.177131 0.8823 0.1352 -0.4509 0.971557 0.820192 -0.142931 0.989586 0.0170428 -0.454137 -0.00753596 -0.8909
72 -1.44536 -0.726759 -0.217955 0.9973 0.0564 -0.0479 0.976061 0.817158 -0.0562946 0.998408 0.00343253 -0.0478383 -0.00247334 -0.998852
73 -1.44084 -0.783277 -0.179867 0.9802 0.0989 -0.1713 0.971872 0.819981 -0.0995772 0.995019 0.00468573 -0.171313 -0.00847244 -0.98518
74 -1.43106 -0.826454 -0.181088 0.9772 0.1876 -0.0994 0.968656 0.819943 -0.187256 0.982227 0.012871 -0.099805 -0.00731027 -0.99498
75 -1.44536 -0.726759 -0.217955 0.9973 0.0564 -0.0479 0.976061 0.817158 -0.0562946 0.998408 0.00343253 -0.0478383 -0.00247334 -0.998852
76 -1.43106 -0.826454 -0.181088 0.9772 0.1876 -0.0994 0.968656 0.819943 -0.187256 0.982227 0.012871 -0.099805 -0.00731027 -0.99498
77 -1.43312 -0.826782 -0.226117 0.9918 0.1277 -0.0091 0.968636 0.816612 -0.127635 0.991796 0.00707366 -0.00948445 0.00241713 -0.999952
78 -1.45554 -0.724636 -0.315802 -0.9979 -0.063 0.0115 0.720121 0.943805 -0.0630256 0.998011 -0.0015131 0.011436 0.00138777 0.999934
79 -1.44629 -0.827629 -0.315797 -0.9955 -0.0935 0.0132 0.712472 0.943805 -0.0935108 0.995618 5.38572e-06 0.0131389 0.0012884 0.999913
80 -1.44112 -0.827131 -0.225904 -0.9918 -0.1272 0.01 0.712474 0.937151 -0.127191 0.991877 0.00176505 0.0101225 -0.000299336 0.999949
81 -1.45554 -0.724636 -0.315802 -0.9979 -0.063 0.0115 0.720121 0.943805 -0.0630256 0.998011 -0.0015131 0.011436 0.00138777 0.999934
82 -1.44112 -0.827131 -0.225904 -0.9918 -0.1272 0.01 0.712474 0.937151 -0.127191 0.991877 0.00176505 0.0101225 -0.000299336 0.999949
83 -1.45335 -0.726327 -0.217947 -0.9973 -0.056 0.0479 0.71998 0.936587 -0.0561307 0.998422 -0.00143937 0.0477963 0.00320427 0.998852
84 -1.45861 -0.629935 -0.315808 -0.9994 -0.0321 0.0099 0.727119 0.943768 -0.0321545 0.999469 -0.00525763 0.00986838 0.00115072 0.999951
85 -1.45554 -0.724636 -0.315802 -0.9979 -0.063 0.0115 0.720121 0.943805 -0.0630256 0.998011 -0.0015131 0.011436 0.00138777 0.999934
86 -1.45335 -0.726327 -0.217947 -0.9973 -0.056 0.0479 0.71998 0.936587 -0.0561307 0.998422 -0.00143937 0.0477963 0.00320427 0.998852
87 -1.45861 -0.629935 -0.315808 -0.9994 -0.0321 0.0099 0.727119 0.943768 -0.0321545 0.999469 -0.00525763 0.00986838 0.00115072 0.999951
88 -1.45335 -0.726327 -0.217947 -0.9973 -0.056 0.0479 0.71998 0.936587 -0.0561307 0.998422 -0.00143937 0.0477963 0.00320427 0.998852
89 -1.45447 -0.631207 -0.209854 -0.9981 -0.0218 0.0584 0.726996 0.935939 -0.0222199 0.999732 -0.00656133 0.058288 0.00560933 0.998284
90 -1.45447 -0.631207 -0.209854 -0.9981 -0.0218 0.0584 0.726996 0.935939 -0.0222199 0.999732 -0.00656133 0.058288 0.00560933 0.998284
91 -1.45335 -0.726327 -0.217947 -0.9973 -0.056 0.0479 0.71998 0.936587 -0.0561307 0.998422 -0.00143937 0.0477963 0.00320427 0.998852
92 -1.44868 -0.784029 -0.178451 -0.9804 -0.1078 0.1651 0.715697 0.933682 -0.10903 0.994037 0.00159683 0.164366 0.015681 0.986275
93 -1.45447 -0.631207 -0.209854 -0.9981 -0.0218 0.0584 0.726996 0.935939 -0.0222199 0.999732 -0.00656133 0.058288 0.00560933 0.998284
94 -1.44868 -0.784029 -0.178451 -0.9804 -0.1078 0.1651 0.715697 0.933682 -0.10903 0.994037 0.00159683 0.164366 0.015681 0.986275
95 -1.45151 -0.632804 -0.1734 -0.9754 -0.0263 0.219 0.726859 0.933236 -0.0282634 0.999583 -0.00584065 0.218522 0.0196875 0.975634
96 -1.4313 -0.793685 -0.164738 -0.0964 -0.0494 0.9941 0.982144 0.229292 0.0251902 -0.998569 -0.0471791 -0.99496 -0.0228894 -0.0976212
97 -1.4362 -0.63144 -0.15906 -0.0886 -0.0439 0.9951 0.970134 0.22921 0.0239021 -0.998834 -0.0419366 -0.995728 -0.0221795 -0.0896343
98 -1.44134 -0.631993 -0.16015 -0.3508 -0.0427 0.9355 0.970169 0.228821 0.0235525 -0.999046 -0.0367686 -0.936191 -0.00762085 -0.35141
99 -1.4313 -0.793685 -0.164738 -0.0964 -0.0494 0.9941 0.982144 0.229292 0.0251902 -0.998569 -0.0471791 -0.99496 -0.0228894 -0.0976212
100 -1.44134 -0.631993 -0.16015 -0.3508 -0.0427 0.9355 0.970169 0.228821 0.0235525 -0.999046 -0.0367686 -0.936191 -0.00762085 -0.35141
101 -1.43655 -0.793332 -0.16576 -0.3713 -0.0831 0.9248 0.982111 0.228898 0.0353216 -0.99653 -0.0753646 -0.927844 -0.00463958 -0.37294
102 -1.43655 -0.793332 -0.16576 -0.3713 -0.0831 0.9248 0.982111 0.228898 0.0353216 -0.99653 -0.0753646 -0.927844 -0.00463958 -0.37294
103 -1.44134 -0.631993 -0.16015 -0.3508 -0.0427 0.9355 0.970169 0.228821 0.0235525 -0.999046 -0.0367686 -0.936191 -0.00762085 -0.35141
104 -1.44632 -0.632524 -0.163278 -0.642 -0.0435 0.7655 0.970211 0.228408 0.0233272 -0.999035 -0.037207 -0.766487 0.0122159 -0.642143
105 -1.43655 -0.793332 -0.16576 -0.3713 -0.0831 0.9248 0.982111 0.228898 0.0353216 -0.99653 -0.0753646 -0.927844 -0.00463958 -0.37294
106 -1.44632 -0.632524 -0.163278 -0.642 -0.0435 0.7655 0.970211 0.228408 0.0233272 -0.999035 -0.037207 -0.766487 0.0122159 -0.642143
107 -1.44194 -0.791405 -0.168713 -0.6609 -0.1162 0.7414 0.98197 0.228461 0.0537564 -0.992732 -0.107671 -0.748343 0.0277519 -0.662731
108 -1.44194 -0.791405 -0.168713 -0.6609 -0.1162 0.7414 0.71511 0.932924 -0.133246 0.990413 0.0364473 0.738729 0.073265 0.670009
109 -1.44632 -0.632524 -0.163278 -0.642 -0.0435 0.7655 0.726846 0.932455 -0.0624295 0.99804 0.00435724 0.762928 0.0629849 0.643408
110 -1.44988 -0.632776 -0.167958 -0.8619 -0.0372 0.5057 0.72685 0.932824 -0.0467776 0.998886 -0.00624685 0.504061 0.0456287 0.862462
111 -1.44194 -0.791405 -0.168713 -0.6609 -0.1162 0.7414 0.71511 0.932924 -0.133246 0.990413 0.0364473 0.738729 0.073265 0.670009
112 -1.44988 -0.632776 -0.167958 -0.8619 -0.0372 0.5057 0.72685 0.932824 -0.0467776 0.998886 -0.00624685 0.504061 0.0456287 0.862462
113 -1.4462 -0.788146 -0.173197 -0.8736 -0.1315 0.4686 0.715377 0.933281 -0.142611 0.989708 0.0118697 0.467916 0.03788 0.882961
114 -1.4462 -0.788146 -0.173197 -0.8736 -0.1315 0.4686 0.715377 0.933281 -0.142611 0.989708 0.0118697 0.467916 0.03788 0.882961
115 -1.44988 -0.632776 -0.167958 -0.8619 -0.0372 0.5057 0.72685 0.932824 -0.0467776 0.998886 -0.00624685 0.504061 0.0456287 0.862462
116 -1.45151 -0.632804 -0.1734 -0.9754 -0.0263 0.219 0.726859 0.933236 -0.0282634 0.999583 -0.00584065 0.218522 0.0196875 0.975634
117 -1.4462 -0.788146 -0.173197 -0.8736 -0.1315 0.4686 0.715377 0.933281 -0.142611 0.989708 0.0118697 0.467916 0.03788 0.882961
118 -1.45151 -0.632804 -0.1734 -0.9754 -0.0263 0.219 0.726859 0.933236 -0.0282634 0.999583 -0.00584065 0.218522 0.0196875 0.975634
119 -1.44868 -0.784029 -0.178451 -0.9804 -0.1078 0.1651 0.715697 0.933682 -0.10903 0.994037 0.00159683 0.164366 0.015681 0.986275
120 -1.42399 -0.825367 -0.165613 -0.0768 -0.0498 0.9958 0.984502 0.229769 0.0268919 -0.998492 -0.0478606 -0.99665 -0.0243288 -0.0780824
121 -1.4313 -0.793685 -0.164738 -0.0964 -0.0494 0.9941 0.982144 0.229292 0.0251902 -0.998569 -0.0471791 -0.99496 -0.0228894 -0.0976212
122 -1.43655 -0.793332 -0.16576 -0.3713 -0.0831 0.9248 0.982111 0.228898 0.0353216 -0.99653 -0.0753646 -0.927844 -0.00463958 -0.37294
123 -1.42399 -0.825367 -0.165613 -0.0768 -0.0498 0.9958 0.984502 0.229769 0.0268919 -0.998492 -0.0478606 -0.99665 -0.0243288 -0.0780824
124 -1.43655 -0.793332 -0.16576 -0.3713 -0.0831 0.9248 0.982111 0.228898 0.0353216 -0.99653 -0.0753646 -0.927844 -0.00463958 -0.37294
125 -1.42909 -0.825874 -0.166714 -0.3524 -0.1079 0.9296 0.984533 0.229383 0.0386647 -0.994162 -0.100737 -0.934763 -0.0072481 -0.355199
126 -1.42909 -0.825874 -0.166714 -0.3524 -0.1079 0.9296 0.984533 0.229383 0.0386647 -0.994162 -0.100737 -0.934763 -0.0072481 -0.355199
127 -1.43655 -0.793332 -0.16576 -0.3713 -0.0831 0.9248 0.982111 0.228898 0.0353216 -0.99653 -0.0753646 -0.927844 -0.00463958 -0.37294
128 -1.44194 -0.791405 -0.168713 -0.6609 -0.1162 0.7414 0.98197 0.228461 0.0537564 -0.992732 -0.107671 -0.748343 0.0277519 -0.662731
129 -1.42909 -0.825874 -0.166714 -0.3524 -0.1079 0.9296 0.984533 0.229383 0.0386647 -0.994162 -0.100737 -0.934763 -0.0072481 -0.355199
130 -1.44194 -0.791405 -0.168713 -0.6609 -0.1162 0.7414 0.98197 0.228461 0.0537564 -0.992732 -0.107671 -0.748343 0.0277519 -0.662731
131 -1.43385 -0.826296 -0.169716 -0.6501 -0.1714 0.7403 0.984567 0.228988 0.0708971 -0.98366 -0.165488 -0.754932 0.0349427 -0.654871
132 -1.43385 -0.826296 -0.169716 -0.6501 -0.1714 0.7403 0.712488 0.932964 -0.237629 0.971221 0.0161892 0.738824 0.0851313 0.6685
133 -1.44194 -0.791405 -0.168713 -0.6609 -0.1162 0.7414 0.71511 0.932924 -0.133246 0.990413 0.0364473 0.738729 0.073265 0.670009
134 -1.4462 -0.788146 -0.173197 -0.8736 -0.1315 0.4686 0.715377 0.933281 -0.142611 0.989708 0.0118697 0.467916 0.03788 0.882961
135 -1.43385 -0.826296 -0.169716 -0.6501 -0.1714 0.7403 0.712488 0.932964 -0.237629 0.971221 0.0161892 0.738824 0.0851313 0.6685
136 -1.4462 -0.788146 -0.173197 -0.8736 -0.1315 0.4686 0.715377 0.933281 -0.142611 0.989708 0.0118697 0.467916 0.03788 0.882961
137 -1.43729 -0.82665 -0.174219 -0.8671 -0.2122 0.4506 0.712483 0.933319 -0.231113 0.972835 0.013399 0.453152 0.0393919 0.890562
138 -1.43729 -0.82665 -0.174219 -0.8671 -0.2122 0.4506 0.712483 0.933319 -0.231113 0.972835 0.013399 0.453152 0.0393919 0.890562
139 -1.4462 -0.788146 -0.173197 -0.8736 -0.1315 0.4686 0.715377 0.933281 -0.142611 0.989708 0.0118697 0.467916 0.03788 0.882961
140 -1.44868 -0.784029 -0.178451 -0.9804 -0.1078 0.1651 0.715697 0.933682 -0.10903 0.994037 0.00159683 0.164366 0.015681 0.986275
141 -1.43729 -0.82665 -0.174219 -0.8671 -0.2122 0.4506 0.712483 0.933319 -0.231113 0.972835 0.013399 0.453152 0.0393919 0.890562
142 -1.44868 -0.784029 -0.178451 -0.9804 -0.1078 0.1651 0.715697 0.933682 -0.10903 0.994037 0.00159683 0.164366 0.015681 0.986275
143 -1.43889 -0.82684 -0.179503 -0.9734 -0.1883 0.1305 0.71248 0.933719 -0.188768 0.981982 0.0088923 0.130037 0.0148662 0.991398
144 -1.45335 -0.726327 -0.217947 -0.9973 -0.056 0.0479 0.71998 0.936587 -0.0561307 0.998422 -0.00143937 0.0477963 0.00320427 0.998852
145 -1.44112 -0.827131 -0.225904 -0.9918 -0.1272 0.01 0.712474 0.937151 -0.127191 0.991877 0.00176505 0.0101225 -0.000299336 0.999949
146 -1.43889 -0.82684 -0.179503 -0.9734 -0.1883 0.1305 0.71248 0.933719 -0.188768 0.981982 0.0088923 0.130037 0.0148662 0.991398
147 -1.45335 -0.726327 -0.217947 -0.9973 -0.056 0.0479 0.71998 0.936587 -0.0561307 0.998422 -0.00143937 0.0477963 0.00320427 0.998852
148 -1.43889 -0.82684 -0.179503 -0.9734 -0.1883 0.1305 0.71248 0.933719 -0.188768 0.981982 0.0088923 0.130037 0.0148662 0.991398
149 -1.44868 -0.784029 -0.178451 -0.9804 -0.1078 0.1651 0.715697 0.933682 -0.10903 0.994037 0.00159683 0.164366 0.015681 0.986275
150 -1.43489 -0.827383 -0.692585 0.028 -0.9996 0.0002 0.687555 0.89283 0.76927 0.0214204 -0.638565 -0.639917 -0.0180786 -0.768231
151 -1.43828 -0.827383 -0.315809 0.0327 -0.9995 0.0021 0.669539 0.914089 0.769029 0.0238177 -0.63877 -0.639577 -0.022539 -0.768396
152 -1.44629 -0.827629 -0.315797 0.0324 -0.9995 0.0021 0.669084 0.913712 0.76919 0.0235926 -0.638585 -0.63976 -0.0223529 -0.76825
153 -1.43489 -0.827383 -0.692585 0.028 -0.9996 0.0002 0.687555 0.89283 0.76927 0.0214204 -0.638565 -0.639917 -0.0180786 -0.768231
154 -1.44629 -0.827629 -0.315797 0.0324 -0.9995 0.0021 0.669084 0.913712 0.76919 0.0235926 -0.638585 -0.63976 -0.0223529 -0.76825
155 -1.44289 -0.827584 -0.692595 0.0279 -0.9996 0.0002 0.687101 0.892452 0.76942 0.0213476 -0.638386 -0.639893 -0.0180138 -0.768253
156 -0.985358 -0.753358 -0.182551 0.2841 0.9588 0.0079 0.589981 0.226734 0.0495316 -0.0229036 0.99851 -0.958012 0.283514 0.042819
157 -1.05506 -0.732684 -0.179435 0.2841 0.9588 0.0079 0.589981 0.221633 0.0509986 -0.0233374 0.998426 -0.958012 0.283514 0.0428133
158 -1.05483 -0.732865 -0.171435 0.2841 0.9588 0.0079 0.590573 0.221621 0.0495316 -0.0229036 0.99851 -0.958012 0.283514 0.042819
159 -0.985358 -0.753358 -0.182551 0.2841 0.9588 0.0079 0.589981 0.226734 0.0495316 -0.0229036 0.99851 -0.958012 0.283514 0.042819
160 -1.05483 -0.732865 -0.171435 0.2841 0.9588 0.0079 0.590573 0.221621 0.0495316 -0.0229036 0.99851 -0.958012 0.283514 0.042819
161 -0.985136 -0.753443 -0.17455 0.2841 0.9588 0.0079 0.590573 0.226722 0.0465973 -0.0220361 0.998671 -0.958011 0.283513 0.0428304
162 -1.44367 -0.631662 -0.174548 -0.1416 0.9886 0.0509 0.858656 0.374071 0.705721 0.136874 -0.695143 0.69581 0.0628253 0.715473
163 -1.44658 -0.629869 -0.209792 -0.1658 0.9853 0.0403 0.860325 0.376082 0.705152 0.14703 -0.693645 0.694571 0.0876723 0.714062
164 -1.45447 -0.631207 -0.209854 -0.1669 0.9852 0.0387 0.859908 0.376496 0.704715 0.146652 -0.694169 0.69277 0.0892495 0.715615
165 -1.44367 -0.631662 -0.174548 -0.1416 0.9886 0.0509 0.858656 0.374071 0.705721 0.136874 -0.695143 0.69581 0.0628253 0.715473
166 -1.45447 -0.631207 -0.209854 -0.1669 0.9852 0.0387 0.859908 0.376496 0.704715 0.146652 -0.694169 0.69277 0.0892495 0.715615
167 -1.45151 -0.632804 -0.1734 -0.142 0.9885 0.0513 0.85818 0.374418 0.705614 0.137438 -0.69514 0.695601 0.0627826 0.71568
168 -1.43848 -0.631354 -0.1676 -0.1259 0.9912 0.0398 0.858572 0.373435 0.708647 0.117943 -0.695636 0.696339 0.0597293 0.715223
169 -1.44104 -0.631618 -0.16923 -0.1257 0.9913 0.0401 0.85852 0.373654 0.709123 0.118039 -0.695134 0.696055 0.0593174 0.715534
170 -1.44632 -0.632524 -0.163278 -0.1258 0.9913 0.0398 0.857932 0.373613 0.708727 0.117867 -0.695567 0.695556 0.0595217 0.716002
171 -1.43848 -0.631354 -0.1676 -0.1259 0.9912 0.0398 0.858572 0.373435 0.708647 0.117943 -0.695636 0.696339 0.0597293 0.715223
172 -1.44632 -0.632524 -0.163278 -0.1258 0.9913 0.0398 0.857932 0.373613 0.708727 0.117867 -0.695567 0.695556 0.0595217 0.716002
173 -1.44134 -0.631993 -0.16015 -0.1259 0.9912 0.0398 0.858035 0.37319 0.708481 0.117929 -0.695807 0.696754 0.0597982 0.714813
174 -1.43106 -0.826454 -0.181088 0.0508 -0.9986 0.0127 0.663581 0.922091 0.769149 0.0310096 -0.638316 -0.638526 -0.0422558 -0.76844
175 -1.43036 -0.826343 -0.178217 0.0638 -0.9976 0.0281 0.663485 0.922288 0.768853 0.0311811 -0.638665 -0.637068 -0.0623829 -0.768279
176 -1.43729 -0.82665 -0.174219 0.0646 -0.9975 0.0288 0.662902 0.922188 0.769063 0.0313739 -0.638403 -0.63736 -0.0634491 -0.767949
177 -1.43106 -0.826454 -0.181088 0.0508 -0.9986 0.0127 0.663581 0.922091 0.769149 0.0310096 -0.638316 -0.638526 -0.0422558 -0.76844
178 -1.43729 -0.82665 -0.174219 0.0646 -0.9975 0.0288 0.662902 0.922188 0.769063 0.0313739 -0.638403 -0.63736 -0.0634491 -0.767949
179 -1.43889 -0.82684 -0.179503 0.0511 -0.9986 0.0129 0.66306 0.921811 0.769032 0.031105 -0.638453 -0.638015 -0.0425803 -0.768846
180 -0.948974 -0.693798 -0.175732 0.4004 0.9152 0.0452 0.884808 0.348763 0.694909 -0.271129 -0.666026 0.665432 -0.324331 0.672316
181 -1.10504 -0.625642 -0.17219 0.1975 0.9789 0.0526 0.876465 0.356464 0.714658 -0.107045 -0.691235 0.690238 -0.176961 0.701609
182 -1.105 -0.626103 -0.164208 0.1967 0.979 0.0526 0.876054 0.356041 0.736852 -0.112246 -0.66667 0.703478 -0.178323 0.687982
183 -0.948974 -0.693798 -0.175732 0.4004 0.9152 0.0452 0.884808 0.348763 0.694909 -0.271129 -0.666026 0.665432 -0.324331 0.672316
184 -1.105 -0.626103 -0.164208 0.1967 0.979 0.0526 0.876054 0.356041 0.737856 -0.11251 -0.665515 0.702438 -0.178172 0.689083
185 -0.948711 -0.694257 -0.167744 0.4004 0.9152 0.0452 0.884409 0.348328 0.695917 -0.271632 -0.664767 0.664254 -0.323883 0.673696
186 -1.42614 -0.825671 -0.174156 0.1073 -0.9941 0.0157 0.663535 0.92272 0.766208 0.0726186 -0.638476 -0.634563 -0.0806323 -0.768653
187 -1.42327 -0.825213 -0.173584 0.0735 -0.9973 -0.0045 0.663673 0.92289 0.766587 0.0593812 -0.639388 -0.638021 -0.0435524 -0.768786
188 -1.42399 -0.825367 -0.165613 0.0736 -0.9973 -0.0045 0.663255 0.923309 0.766523 0.059453 -0.639458 -0.637509 -0.0435758 -0.76921
189 -1.42614 -0.825671 -0.174156 0.1073 -0.9941 0.0157 0.663535 0.92272 0.766208 0.0726186 -0.638476 -0.634563 -0.0806323 -0.768653
190 -1.42399 -0.825367 -0.165613 0.0736 -0.9973 -0.0045 0.663255 0.923309 0.766523 0.059453 -0.639458 -0.637509 -0.0435758 -0.76921
191 -1.42909 -0.825874 -0.166714 0.1074 -0.9941 0.0156 0.663015 0.923004 0.765618 0.0726852 -0.639176 -0.634348 -0.0805983 -0.768835
192 -1.44349 -0.699935 -0.753188 -0.0208 -0.7785 -0.6274 0.211747 0.645896 0.998473 -0.0482889 0.0268164 -0.0371706 0.627665 -0.777596
193 -1.43918 -0.772605 -0.663132 -0.0208 -0.7785 -0.6274 0.211747 0.652537 0.998524 -0.0476686 0.0260447 -0.0371733 0.627665 -0.777596
194 -1.44716 -0.772411 -0.663134 -0.0208 -0.7785 -0.6274 0.211161 0.652553 0.998473 -0.0482889 0.0268164 -0.0371706 0.627665 -0.777596
195 -1.44349 -0.699935 -0.753188 -0.0208 -0.7785 -0.6274 0.211747 0.645896 0.998473 -0.0482889 0.0268164 -0.0371706 0.627665 -0.777596
196 -1.44716 -0.772411 -0.663134 -0.0208 -0.7785 -0.6274 0.211161 0.652553 0.998473 -0.0482889 0.0268164 -0.0371706 0.627665 -0.777596
197 -1.45145 -0.699713 -0.753173 -0.0208 -0.7785 -0.6274 0.211162 0.645913 0.99837 -0.0495294 0.0283596 -0.0371654 0.627665 -0.777596
198 -1.45076 -0.628376 -0.315809 -0.1895 0.9818 0.0095 0.865581 0.381906 0.70597 0.142973 -0.693661 0.691734 0.126635 0.710962
199 -1.44814 -0.628239 -0.685378 -0.1981 0.9802 -0.0011 0.884808 0.401331 0.705749 0.141854 -0.694116 0.689561 0.140159 0.710536
200 -1.45598 -0.629851 -0.68535 -0.1981 0.9802 -0.0011 0.884389 0.401738 0.705852 0.141875 -0.694007 0.689477 0.140142 0.71062
201 -1.45076 -0.628376 -0.315809 -0.1895 0.9818 0.0095 0.865581 0.381906 0.70597 0.142973 -0.693661 0.691734 0.126635 0.710962
202 -1.45598 -0.629851 -0.68535 -0.1981 0.9802 -0.0011 0.884389 0.401738 0.705852 0.141875 -0.694007 0.689477 0.140142 0.71062
203 -1.45861 -0.629935 -0.315808 -0.1896 0.9818 0.0093 0.865163 0.382314 0.705817 0.142876 -0.693836 0.690738 0.126648 0.711928
204 -1.44477 -0.66918 -0.693588 -0.0237 0.8908 -0.4538 0.279537 0.667205 -0.999695 -0.0242728 0.00456338 0.0189528 -0.453441 -0.891085
205 -1.44349 -0.699935 -0.753188 -0.0237 0.8908 -0.4538 0.279537 0.662776 -0.999681 -0.0171794 0.0184884 0.0189931 -0.45344 -0.891085
206 -1.45145 -0.699713 -0.753173 -0.0237 0.8908 -0.4538 0.280125 0.662779 -0.999695 -0.0242728 0.00456338 0.0189528 -0.453441 -0.891085
207 -1.44477 -0.66918 -0.693588 -0.0237 0.8908 -0.4538 0.279537 0.667205 -0.999695 -0.0242728 0.00456338 0.0189528 -0.453441 -0.891085
208 -1.45145 -0.699713 -0.753173 -0.0237 0.8908 -0.4538 0.280125 0.662779 -0.999695 -0.0242728 0.00456338 0.0189528 -0.453441 -0.891085
209 -1.4527 -0.669803 -0.693561 -0.0237 0.8908 -0.4538 0.280125 0.667208 -0.998989 -0.0384419 -0.02329 0.0188722 -0.453443 -0.891085
210 -1.44104 -0.631618 -0.16923 -0.1257 0.9913 0.0401 0.85852 0.373654 0.709123 0.118039 -0.695134 0.696055 0.0593174 0.715534
211 -1.44286 -0.631727 -0.17167 -0.1279 0.9908 0.0432 0.85855 0.373878 0.708719 0.121786 -0.694899 0.697015 0.0588166 0.71464
212 -1.44988 -0.632776 -0.167958 -0.1278 0.9909 0.0432 0.857985 0.374045 0.70923 0.121745 -0.694385 0.697283 0.0587866 0.714381
213 -1.44104 -0.631618 -0.16923 -0.1257 0.9913 0.0401 0.85852 0.373654 0.709123 0.118039 -0.695134 0.696055 0.0593174 0.715534
214 -1.44988 -0.632776 -0.167958 -0.1278 0.9909 0.0432 0.857985 0.374045 0.70923 0.121745 -0.694385 0.697283 0.0587866 0.714381
215 -1.44632 -0.632524 -0.163278 -0.1258 0.9913 0.0398 0.857932 0.373613 0.708727 0.117867 -0.695567 0.695556 0.0595217 0.716002
216 -1.43312 -0.826782 -0.226117 0.0421 -0.9991 0.0043 0.665592 0.919433 0.768785 0.0296456 -0.63882 -0.638745 -0.0302243 -0.768825
217 -1.43106 -0.826454 -0.181088 0.0508 -0.9986 0.0127 0.663581 0.922091 0.769149 0.0310096 -0.638316 -0.638526 -0.0422558 -0.76844
218 -1.43889 -0.82684 -0.179503 0.0511 -0.9986 0.0129 0.66306 0.921811 0.769032 0.031105 -0.638453 -0.638015 -0.0425803 -0.768846
219 -1.43312 -0.826782 -0.226117 0.0421 -0.9991 0.0043 0.665592 0.919433 0.768785 0.0296456 -0.63882 -0.638745 -0.0302243 -0.768825
220 -1.43889 -0.82684 -0.179503 0.0511 -0.9986 0.0129 0.66306 0.921811 0.769032 0.031105 -0.638453 -0.638015 -0.0425803 -0.768846
221 -1.44112 -0.827131 -0.225904 0.0421 -0.9991 0.0042 0.665127 0.919067 0.76864 0.0297027 -0.638992 -0.638902 -0.0301534 -0.768697
222 -1.43828 -0.827383 -0.315809 0.0327 -0.9995 0.0021 0.669539 0.914089 0.769029 0.0238177 -0.63877 -0.639577 -0.022539 -0.768396
223 -1.43312 -0.826782 -0.226117 0.0421 -0.9991 0.0043 0.665592 0.919433 0.768785 0.0296456 -0.63882 -0.638745 -0.0302243 -0.768825
224 -1.44112 -0.827131 -0.225904 0.0421 -0.9991 0.0042 0.665127 0.919067 0.76864 0.0297027 -0.638992 -0.638902 -0.0301534 -0.768697
225 -1.43828 -0.827383 -0.315809 0.0327 -0.9995 0.0021 0.669539 0.914089 0.769029 0.0238177 -0.63877 -0.639577 -0.022539 -0.768396
226 -1.44112 -0.827131 -0.225904 0.0421 -0.9991 0.0042 0.665127 0.919067 0.76864 0.0297027 -0.638992 -0.638902 -0.0301534 -0.768697
227 -1.44629 -0.827629 -0.315797 0.0324 -0.9995 0.0021 0.669084 0.913712 0.76919 0.0235926 -0.638585 -0.63976 -0.0223529 -0.76825
228 -1.42863 -0.826068 -0.175782 0.0843 -0.996 0.031 0.663469 0.922509 0.76829 0.0451519 -0.638508 -0.634905 -0.0776606 -0.768677
229 -1.42614 -0.825671 -0.174156 0.1073 -0.9941 0.0157 0.663535 0.92272 0.766208 0.0726186 -0.638476 -0.634563 -0.0806323 -0.768653
230 -1.42909 -0.825874 -0.166714 0.1074 -0.9941 0.0156 0.663015 0.923004 0.765618 0.0726852 -0.639176 -0.634348 -0.0805983 -0.768835
231 -1.42863 -0.826068 -0.175782 0.0843 -0.996 0.031 0.663469 0.922509 0.76829 0.0451519 -0.638508 -0.634905 -0.0776606 -0.768677
232 -1.42909 -0.825874 -0.166714 0.1074 -0.9941 0.0156 0.663015 0.923004 0.765618 0.0726852 -0.639176 -0.634348 -0.0805983 -0.768835
233 -1.43385 -0.826296 -0.169716 0.0849 -0.9959 0.0308 0.662885 0.922607 0.767413 0.0456428 -0.639527 -0.635286 -0.0779199 -0.768336
234 -1.43918 -0.772605 -0.663132 0.0005 0.4723 -0.8814 0.279543 0.671618 -0.999972 -0.00634758 -0.00396834 0.0684956 -0.879375 -0.471176
235 -1.43489 -0.827383 -0.692585 0.0005 0.4723 -0.8814 0.279542 0.667306 -0.999989 -0.00388987 -0.00265081 0.0686707 -0.879365 -0.471171
236 -1.44289 -0.827584 -0.692595 0.0005 0.4723 -0.8814 0.280125 0.667296 -0.999972 -0.00634758 -0.00396834 0.0684956 -0.879375 -0.471176
237 -1.43918 -0.772605 -0.663132 0.0005 0.4723 -0.8814 0.279543 0.671618 -0.999972 -0.00634758 -0.00396834 0.0684956 -0.879375 -0.471176
238 -1.44289 -0.827584 -0.692595 0.0005 0.4723 -0.8814 0.280125 0.667296 -0.999972 -0.00634758 -0.00396834 0.0684956 -0.879375 -0.471176
239 -1.44716 -0.772411 -0.663134 0.0005 0.4723 -0.8814 0.280125 0.671637 -0.999915 -0.0112628 -0.00660329 0.0681453 -0.879397 -0.471188
240 -1.44658 -0.629869 -0.209792 -0.1658 0.9853 0.0403 0.860325 0.376082 0.705152 0.14703 -0.693645 0.694571 0.0876723 0.714062
241 -1.45076 -0.628376 -0.315809 -0.1895 0.9818 0.0095 0.865581 0.381906 0.70597 0.142973 -0.693661 0.691734 0.126635 0.710962
242 -1.45861 -0.629935 -0.315808 -0.1896 0.9818 0.0093 0.865163 0.382314 0.705817 0.142876 -0.693836 0.690738 0.126648 0.711928
243 -1.44658 -0.629869 -0.209792 -0.1658 0.9853 0.0403 0.860325 0.376082 0.705152 0.14703 -0.693645 0.694571 0.0876723 0.714062
244 -1.45861 -0.629935 -0.315808 -0.1896 0.9818 0.0093 0.865163 0.382314 0.705817 0.142876 -0.693836 0.690738 0.126648 0.711928
245 -1.45447 -0.631207 -0.209854 -0.1669 0.9852 0.0387 0.859908 0.376496 0.704715 0.146652 -0.694169 0.69277 0.0892495 0.715615
246 -1.43558 -0.630973 -0.167027 -0.0699 0.9963 0.0502 0.858696 0.373254 0.711361 0.0850611 -0.697661 0.700713 0.0132195 0.713321
247 -1.43848 -0.631354 -0.1676 -0.1259 0.9912 0.0398 0.858572 0.373435 0.708647 0.117943 -0.695636 0.696339 0.0597293 0.715223
248 -1.44134 -0.631993 -0.16015 -0.1259 0.9912 0.0398 0.858035 0.37319 0.708481 0.117929 -0.695807 0.696754 0.0597982 0.714813
249 -1.43558 -0.630973 -0.167027 -0.0699 0.9963 0.0502 0.858696 0.373254 0.711361 0.0850611 -0.697661 0.700713 0.0132195 0.713321
250 -1.44134 -0.631993 -0.16015 -0.1259 0.9912 0.0398 0.858035 0.37319 0.708481 0.117929 -0.695807 0.696754 0.0597982 0.714813
251 -1.4362 -0.63144 -0.15906 -0.0692 0.9963 0.0504 0.858251 0.372866 0.71157 0.0847076 -0.69749 0.698167 0.0122805 0.71583
252 -1.44814 -0.628239 -0.685378 -0.0313 0.1964 -0.98 0.524605 0.223914 0.997346 0.0706277 -0.0176994 -0.0806337 0.976812 0.198336
253 -1.44477 -0.66918 -0.693588 -0.0312 0.1964 -0.98 0.524605 0.227003 0.997341 0.0707177 -0.017579 -0.0803466 0.976838 0.198324
254 -1.4527 -0.669803 -0.693561 -0.0312 0.1964 -0.98 0.524027 0.227009 0.997349 0.0706081 -0.0176017 -0.080634 0.976813 0.198328
255 -1.44814 -0.628239 -0.685378 -0.0313 0.1964 -0.98 0.524605 0.223914 0.997346 0.0706277 -0.0176994 -0.0806337 0.976812 0.198336
256 -1.4527 -0.669803 -0.693561 -0.0312 0.1964 -0.98 0.524027 0.227009 0.997349 0.0706081 -0.0176017 -0.080634 0.976813 0.198328
257 -1.45598 -0.629851 -0.68535 -0.0313 0.1964 -0.98 0.52403 0.223992 0.99736 0.0704084 -0.0177447 -0.081209 0.976762 0.198345
258 -1.42327 -0.825213 -0.173584 0.0735 -0.9973 -0.0045 0.663673 0.92289 0.766587 0.0593812 -0.639388 -0.638021 -0.0435524 -0.768786
259 -1.01064 -0.813539 -0.183149 0.028 -0.9995 -0.0141 0.687555 0.941822 0.768856 0.0305488 -0.638691 -0.641182 -0.00713698 -0.767356
260 -1.01041 -0.813625 -0.175148 0.028 -0.9995 -0.0141 0.687188 0.942287 0.768872 0.030549 -0.638673 -0.64082 -0.00712257 -0.767658
261 -1.42327 -0.825213 -0.173584 0.0735 -0.9973 -0.0045 0.663673 0.92289 0.766587 0.0593812 -0.639388 -0.638021 -0.0435524 -0.768786
262 -1.01041 -0.813625 -0.175148 0.028 -0.9995 -0.0141 0.687188 0.942287 0.768872 0.030549 -0.638673 -0.64082 -0.00712257 -0.767658
263 -1.42399 -0.825367 -0.165613 0.0736 -0.9973 -0.0045 0.663255 0.923309 0.766523 0.059453 -0.639458 -0.637509 -0.0435758 -0.76921
264 -1.43036 -0.826343 -0.178217 0.0638 -0.9976 0.0281 0.663485 0.922288 0.768853 0.0311811 -0.638665 -0.637068 -0.0623829 -0.768279
265 -1.42863 -0.826068 -0.175782 0.0843 -0.996 0.031 0.663469 0.922509 0.76829 0.0451519 -0.638508 -0.634905 -0.0776606 -0.768677
266 -1.43385 -0.826296 -0.169716 0.0849 -0.9959 0.0308 0.662885 0.922607 0.767413 0.0456428 -0.639527 -0.635286 -0.0779199 -0.768336
267 -1.43036 -0.826343 -0.178217 0.0638 -0.9976 0.0281 0.663485 0.922288 0.768853 0.0311811 -0.638665 -0.637068 -0.0623829 -0.768279
268 -1.43385 -0.826296 -0.169716 0.0849 -0.9959 0.0308 0.662885 0.922607 0.767413 0.0456428 -0.639527 -0.635286 -0.0779199 -0.768336
269 -1.43729 -0.82665 -0.174219 0.0646 -0.9975 0.0288 0.662902 0.922188 0.769063 0.0313739 -0.638403 -0.63736 -0.0634491 -0.767949
270 -1.05506 -0.732684 -0.179435 0.3441 -0.9377 -0.0481 0.211156 0.638436 -0.0295279 -0.0620102 0.997639 0.938827 0.34284 0.0326268
271 -0.948974 -0.693798 -0.175732 0.3441 -0.9377 -0.0482 0.211157 0.630354 -0.0320719 -0.0630426 0.997495 0.938829 0.34284 0.0325771
272 -0.948711 -0.694257 -0.167744 0.3441 -0.9377 -0.0482 0.211747 0.630318 -0.0294936 -0.0621037 0.997634 0.938828 0.342837 0.0326266
273 -1.05506 -0.732684 -0.179435 0.3441 -0.9377 -0.0481 0.211156 0.638436 -0.0295279 -0.0620102 0.997639 0.938827 0.34284 0.0326268
274 -0.948711 -0.694257 -0.167744 0.3441 -0.9377 -0.0482 0.211747 0.630318 -0.0294936 -0.0621037 0.997634 0.938828 0.342837 0.0326266
275 -1.05483 -0.732865 -0.171435 0.3441 -0.9377 -0.0482 0.211747 0.6384 -0.0243362 -0.0602245 0.997888 0.938827 0.342831 0.0327256
276 -1.44286 -0.631727 -0.17167 -0.1279 0.9908 0.0432 0.85855 0.373878 0.708719 0.121786 -0.694899 0.697015 0.0588166 0.71464
277 -1.44367 -0.631662 -0.174548 -0.1416 0.9886 0.0509 0.858656 0.374071 0.705721 0.136874 -0.695143 0.69581 0.0628253 0.715473
278 -1.45151 -0.632804 -0.1734 -0.142 0.9885 0.0513 0.85818 0.374418 0.705614 0.137438 -0.69514 0.695601 0.0627826 0.71568
279 -1.44286 -0.631727 -0.17167 -0.1279 0.9908 0.0432 0.85855 0.373878 0.708719 0.121786 -0.694899 0.697015 0.0588166 0.71464
280 -1.45151 -0.632804 -0.1734 -0.142 0.9885 0.0513 0.85818 0.374418 0.705614 0.137438 -0.69514 0.695601 0.0627826 0.71568
281 -1.44988 -0.632776 -0.167958 -0.1278 0.9909 0.0432 0.857985 0.374045 0.70923 0.121745 -0.694385 0.697283 0.0587866 0.714381
282 -1.10504 -0.625642 -0.17219 0.1975 0.9789 0.0526 0.876465 0.356464 0.714658 -0.107045 -0.691235 0.690238 -0.176961 0.701609
283 -1.43558 -0.630973 -0.167027 -0.0699 0.9963 0.0502 0.858696 0.373254 0.711361 0.0850611 -0.697661 0.700713 0.0132195 0.713321
284 -1.4362 -0.63144 -0.15906 -0.0692 0.9963 0.0504 0.858251 0.372866 0.71157 0.0847076 -0.69749 0.698167 0.0122805 0.71583
285 -1.10504 -0.625642 -0.17219 0.1975 0.9789 0.0526 0.876465 0.356464 0.714658 -0.107045 -0.691235 0.690238 -0.176961 0.701609
286 -1.4362 -0.63144 -0.15906 -0.0692 0.9963 0.0504 0.858251 0.372866 0.71157 0.0847076 -0.69749 0.698167 0.0122805 0.71583
287 -1.105 -0.626103 -0.164208 0.1967 0.979 0.0526 0.876054 0.356041 0.691844 -0.100572 -0.715009 0.677164 -0.174448 0.714854
288 -1.01064 -0.813539 -0.183149 -0.0247 0.0295 -0.9993 0.623755 0.951528 0.00862784 -0.999521 -0.0297199 0.999216 0.0316558 -0.0237628
289 -1.05506 -0.732684 -0.179435 -0.0208 0.0386 -0.999 0.617703 0.954693 0.0106515 -0.999189 -0.0388291 0.999343 0.0304547 -0.0196306
290 -0.985358 -0.753358 -0.182551 -0.0247 0.0295 -0.9993 0.61939 0.949664 0.00814455 -0.999525 -0.0297083 0.999202 0.0321211 -0.0237483
291 -1.05506 -0.732684 -0.179435 -0.0208 0.0386 -0.999 0.617703 0.954693 0.0106515 -0.999189 -0.0388291 0.999343 0.0304547 -0.0196306
292 -1.01064 -0.813539 -0.183149 -0.0247 0.0295 -0.9993 0.623755 0.951528 0.00862784 -0.999521 -0.0297199 0.999216 0.0316558 -0.0237628
293 -1.42327 -0.825213 -0.173584 0.0716 0.0483 -0.9963 0.623681 0.98145 0.0126378 -0.998791 -0.0475122 0.997269 0.0147008 0.0723801
294 -1.05506 -0.732684 -0.179435 -0.0208 0.0386 -0.999 0.617703 0.954693 0.0106515 -0.999189 -0.0388291 0.999343 0.0304547 -0.0196306
295 -1.42327 -0.825213 -0.173584 0.0716 0.0483 -0.9963 0.623681 0.98145 0.0126378 -0.998791 -0.0475122 0.997269 0.0147008 0.0723801
296 -1.43072 -0.793405 -0.172718 0.0885 0.0485 -0.9949 0.621327 0.981973 0.0118013 -0.998795 -0.0476402 0.995859 0.0165693 0.0893929
297 -1.05506 -0.732684 -0.179435 -0.0208 0.0386 -0.999 0.617703 0.954693 0.0106515 -0.999189 -0.0388291 0.999343 0.0304547 -0.0196306
298 -1.10504 -0.625642 -0.17219 -0.0173 0.0471 -0.9987 0.609686 0.958208 0.0143567 -0.998775 -0.0473531 0.999458 0.0287899 -0.0159545
299 -0.948974 -0.693798 -0.175732 -0.0173 0.0471 -0.9987 0.615032 0.94691 0.0169434 -0.998732 -0.047397 0.999493 0.0275091 -0.0160142
300 -1.10504 -0.625642 -0.17219 -0.0173 0.0471 -0.9987 0.609686 0.958208 0.0143567 -0.998775 -0.0473531 0.999458 0.0287899 -0.0159545
301 -1.05506 -0.732684 -0.179435 -0.0208 0.0386 -0.999 0.617703 0.954693 0.0106515 -0.999189 -0.0388291 0.999343 0.0304547 -0.0196306
302 -1.43072 -0.793405 -0.172718 0.0885 0.0485 -0.9949 0.621327 0.981973 0.0118013 -0.998795 -0.0476402 0.995859 0.0165693 0.0893929
303 -1.10504 -0.625642 -0.17219 -0.0173 0.0471 -0.9987 0.609686 0.958208 0.0143567 -0.998775 -0.0473531 0.999458 0.0287899 -0.0159545
304 -1.43072 -0.793405 -0.172718 0.0885 0.0485 -0.9949 0.621327 0.981973 0.0118013 -0.998795 -0.0476402 0.995859 0.0165693 0.0893929
305 -1.43558 -0.630973 -0.167027 0.0809 0.0438 -0.9958 0.609358 0.982208 0.0108663 -0.999013 -0.043059 0.996552 0.0149451 0.0816152
306 -1.44349 -0.699935 -0.753188 0.998 0.0628 0.0112 0.978034 0.777732 -0.0628072 0.998026 0.000341251 0.0111925 0.000462398 -0.999937
307 -1.45076 -0.628376 -0.315809 0.9994 0.0328 -0.01 0.983346 0.809933 -0.0328012 0.999462 8.06294e-05 -0.00999891 -0.000201874 -0.99995
308 -1.44755 -0.725134 -0.315809 0.9979 0.0636 -0.0117 0.976185 0.809933 -0.0635602 0.997971 0.00379878 -0.0117029 -0.000327163 -0.999931
309 -1.45076 -0.628376 -0.315809 0.9994 0.0328 -0.01 0.983346 0.809933 -0.0328012 0.999462 8.06294e-05 -0.00999891 -0.000201874 -0.99995
310 -1.44349 -0.699935 -0.753188 0.998 0.0628 0.0112 0.978034 0.777732 -0.0628072 0.998026 0.000341251 0.0111925 0.000462398 -0.999937
311 -1.44477 -0.66918 -0.693588 0.9991 0.0413 0.0107 0.980311 0.782122 -0.0413067 0.999146 0.000440199 0.0106884 0.000498029 -0.999943
312 -1.45076 -0.628376 -0.315809 0.9994 0.0328 -0.01 0.983346 0.809933 -0.0328012 0.999462 8.06294e-05 -0.00999891 -0.000201874 -0.99995
313 -1.44477 -0.66918 -0.693588 0.9991 0.0413 0.0107 0.980311 0.782122 -0.0413067 0.999146 0.000440199 0.0106884 0.000498029 -0.999943
314 -1.44814 -0.628239 -0.685378 0.9991 0.0413 0.0107 0.983346 0.782714 -0.04135 0.999134 0.00461514 0.0106876 0.000520076 -0.999943
315 -1.43489 -0.827383 -0.692585 0.9966 0.0812 0.0117 0.968592 0.782226 -0.0812579 0.996684 0.00433745 0.011693 0.000565645 -0.999932
316 -1.44755 -0.725134 -0.315809 0.9979 0.0636 -0.0117 0.976185 0.809933 -0.0635602 0.997971 0.00379878 -0.0117029 -0.000327163 -0.999931
317 -1.43828 -0.827383 -0.315809 0.9955 0.0942 -0.0133 0.968604 0.80997 -0.0941388 0.995547 0.00493247 -0.01345 0.00097927 -0.999909
318 -1.44755 -0.725134 -0.315809 0.9979 0.0636 -0.0117 0.976185 0.809933 -0.0635602 0.997971 0.00379878 -0.0117029 -0.000327163 -0.999931
319 -1.43489 -0.827383 -0.692585 0.9966 0.0812 0.0117 0.968592 0.782226 -0.0812579 0.996684 0.00433745 0.011693 0.000565645 -0.999932
320 -1.43918 -0.772605 -0.663132 0.9966 0.0812 0.0117 0.972652 0.784381 -0.0812449 0.996689 0.0032475 0.0117066 0.000401203 -0.999931
321 -1.44755 -0.725134 -0.315809 0.9979 0.0636 -0.0117 0.976185 0.809933 -0.0635602 0.997971 0.00379878 -0.0117029 -0.000327163 -0.999931
322 -1.43918 -0.772605 -0.663132 0.9966 0.0812 0.0117 0.972652 0.784381 -0.0812449 0.996689 0.0032475 0.0117066 0.000401203 -0.999931
323 -1.44349 -0.699935 -0.753188 0.998 0.0628 0.0112 0.978034 0.777732 -0.0628072 0.998026 0.000341251 0.0111925 0.000462398 -0.999937
324 -1.05483 -0.732865 -0.171435 0.0208 -0.0387 0.999 0.978495 0.256273 0.024111 -0.99894 -0.0391997 -0.999348 -0.0303119 0.0196331
325 -1.01041 -0.813625 -0.175148 0.0246 -0.0296 0.9993 0.984567 0.259313 0.0214682 -0.999315 -0.0301291 -0.999247 -0.0307285 0.0236878
326 -0.985136 -0.753443 -0.17455 0.0246 -0.0296 0.9993 0.980177 0.261201 0.0208143 -0.99933 -0.0301136 -0.999244 -0.0308351 0.0236842
327 -1.01041 -0.813625 -0.175148 0.0246 -0.0296 0.9993 0.984567 0.259313 0.0214682 -0.999315 -0.0301291 -0.999247 -0.0307285 0.0236878
328 -1.05483 -0.732865 -0.171435 0.0208 -0.0387 0.999 0.978495 0.256273 0.024111 -0.99894 -0.0391997 -0.999348 -0.0303119 0.0196331
329 -1.42399 -0.825367 -0.165613 -0.0768 -0.0498 0.9958 0.984502 0.229769 0.0268919 -0.998492 -0.0478606 -0.99665 -0.0243288 -0.0780824
330 -1.42399 -0.825367 -0.165613 -0.0768 -0.0498 0.9958 0.984502 0.229769 0.0268919 -0.998492 -0.0478606 -0.99665 -0.0243288 -0.0780824
331 -1.05483 -0.732865 -0.171435 0.0208 -0.0387 0.999 0.978495 0.256273 0.024111 -0.99894 -0.0391997 -0.999348 -0.0303119 0.0196331
332 -1.4313 -0.793685 -0.164738 -0.0964 -0.0494 0.9941 0.982144 0.229292 0.0251902 -0.998569 -0.0471791 -0.99496 -0.0228894 -0.0976212
333 -1.105 -0.626103 -0.164208 0.0173 -0.047 0.9987 0.970476 0.252908 0.0289131 -0.998453 -0.0474902 -0.999426 -0.0299171 0.0159036
334 -1.05483 -0.732865 -0.171435 0.0208 -0.0387 0.999 0.978495 0.256273 0.024111 -0.99894 -0.0391997 -0.999348 -0.0303119 0.0196331
335 -0.948711 -0.694257 -0.167744 0.0173 -0.047 0.9987 0.975857 0.263998 0.0322545 -0.998348 -0.0475443 -0.999433 -0.0296858 0.0159132
336 -1.05483 -0.732865 -0.171435 0.0208 -0.0387 0.999 0.978495 0.256273 0.024111 -0.99894 -0.0391997 -0.999348 -0.0303119 0.0196331
337 -1.105 -0.626103 -0.164208 0.0173 -0.047 0.9987 0.970476 0.252908 0.0289131 -0.998453 -0.0474902 -0.999426 -0.0299171 0.0159036
338 -1.4313 -0.793685 -0.164738 -0.0964 -0.0494 0.9941 0.982144 0.229292 0.0251902 -0.998569 -0.0471791 -0.99496 -0.0228894 -0.0976212
339 -1.4313 -0.793685 -0.164738 -0.0964 -0.0494 0.9941 0.982144 0.229292 0.0251902 -0.998569 -0.0471791 -0.99496 -0.0228894 -0.0976212
340 -1.105 -0.626103 -0.164208 0.0173 -0.047 0.9987 0.970476 0.252908 0.0289131 -0.998453 -0.0474902 -0.999426 -0.0299171 0.0159036
341 -1.4362 -0.63144 -0.15906 -0.0886 -0.0439 0.9951 0.970134 0.22921 0.0239021 -0.998834 -0.0419366 -0.995728 -0.0221795 -0.0896343
342 -1.45861 -0.629935 -0.315808 -0.9994 -0.0321 0.0099 0.727119 0.943768 -0.0321545 0.999469 -0.00525763 0.00986838 0.00115072 0.999951
343 -1.45145 -0.699713 -0.753173 -0.998 -0.0624 -0.0112 0.721944 0.975963 -0.0623461 0.998042 -0.00508148 -0.0111845 -0.00059527 0.999937
344 -1.45554 -0.724636 -0.315802 -0.9979 -0.063 0.0115 0.720121 0.943805 -0.0630256 0.998011 -0.0015131 0.011436 0.00138777 0.999934
345 -1.45145 -0.699713 -0.753173 -0.998 -0.0624 -0.0112 0.721944 0.975963 -0.0623461 0.998042 -0.00508148 -0.0111845 -0.00059527 0.999937
346 -1.45861 -0.629935 -0.315808 -0.9994 -0.0321 0.0099 0.727119 0.943768 -0.0321545 0.999469 -0.00525763 0.00986838 0.00115072 0.999951
347 -1.4527 -0.669803 -0.693561 -0.9991 -0.0407 -0.0107 0.724155 0.971564 -0.0406464 0.99916 -0.00522205 -0.0106871 -0.000539556 0.999943
348 -1.4527 -0.669803 -0.693561 -0.9991 -0.0407 -0.0107 0.724155 0.971564 -0.0406464 0.99916 -0.00522205 -0.0106871 -0.000539556 0.999943
349 -1.45861 -0.629935 -0.315808 -0.9994 -0.0321 0.0099 0.727119 0.943768 -0.0321545 0.999469 -0.00525763 0.00986838 0.00115072 0.999951
350 -1.45598 -0.629851 -0.68535 -0.9991 -0.0407 -0.0107 0.727119 0.970957 -0.0406981 0.999171 -0.000555849 -0.0106937 -0.000373562 0.999943
351 -1.45554 -0.724636 -0.315802 -0.9979 -0.063 0.0115 0.720121 0.943805 -0.0630256 0.998011 -0.0015131 0.011436 0.00138777 0.999934
352 -1.44289 -0.827584 -0.692595 -0.9967 -0.0806 -0.0117 0.712465 0.971523 -0.080596 0.996747 -0.000651408 -0.0116889 -0.000606926 0.999932
353 -1.44629 -0.827629 -0.315797 -0.9955 -0.0935 0.0132 0.712472 0.943805 -0.0935108 0.995618 5.38572e-06 0.0131389 0.0012884 0.999913
354 -1.44289 -0.827584 -0.692595 -0.9967 -0.0806 -0.0117 0.712465 0.971523 -0.080596 0.996747 -0.000651408 -0.0116889 -0.000606926 0.999932
355 -1.45554 -0.724636 -0.315802 -0.9979 -0.063 0.0115 0.720121 0.943805 -0.0630256 0.998011 -0.0015131 0.011436 0.00138777 0.999934
356 -1.44716 -0.772411 -0.663134 -0.9967 -0.0806 -0.0117 0.716557 0.969349 -0.0805829 0.996746 -0.00181167 -0.0116861 -0.000639937 0.999932
357 -1.44716 -0.772411 -0.663134 -0.9967 -0.0806 -0.0117 0.716557 0.969349 -0.0805829 0.996746 -0.00181167 -0.0116861 -0.000639937 0.999932
358 -1.45554 -0.724636 -0.315802 -0.9979 -0.063 0.0115 0.720121 0.943805 -0.0630256 0.998011 -0.0015131 0.011436 0.00138777 0.999934
359 -1.45145 -0.699713 -0.753173 -0.998 -0.0624 -0.0112 0.721944 0.975963 -0.0623461 0.998042 -0.00508148 -0.0111845 -0.00059527 0.999937
