0 -0.754533 1.09096 -1.0177 -0.9469 0.313 -0.0731 0.929369 0.268411 0.0788966 0.00586698 -0.996866 0.311601 0.949732 0.030243
1 -0.756705 1.09079 -0.990245 -0.9469 0.313 -0.0731 0.927332 0.268411 0.0788965 0.00586663 -0.996866 0.311603 0.949732 0.0302254
2 -0.750777 1.10886 -0.98967 -0.9469 0.313 -0.0731 0.927332 0.267004 0.0788966 0.00586698 -0.996866 0.311601 0.949732 0.030243
3 -0.754533 1.09096 -1.0177 -0.9469 0.313 -0.0731 0.929369 0.268411 0.0788966 0.00586698 -0.996866 0.311601 0.949732 0.030243
4 -0.750777 1.10886 -0.98967 -0.9469 0.313 -0.0731 0.927332 0.267004 0.0788966 0.00586698 -0.996866 0.311601 0.949732 0.030243
5 -0.748605 1.10902 -1.01713 -0.9469 0.313 -0.0731 0.929369 0.267004 0.0788969 0.00586767 -0.996866 0.311599 0.949731 0.0302782
6 -0.748605 1.10902 -1.01713 -0.4492 0.8929 -0.0303 0.929369 0.267004 0.0788789 0.00585432 -0.996867 0.889936 0.450189 0.0731035
7 -0.750777 1.10886 -0.98967 -0.4492 0.8929 -0.0303 0.927332 0.267004 0.0788705 0.0058501 -0.996868 0.889934 0.450189 0.0731225
8 -0.733848 1.11742 -0.988279 -0.4492 0.8929 -0.0303 0.927332 0.26601 0.0788789 0.00585432 -0.996867 0.889936 0.450189 0.0731035
9 -0.748605 1.10902 -1.01713 -0.4492 0.8929 -0.0303 0.929369 0.267004 0.0788789 0.00585432 -0.996867 0.889936 0.450189 0.0731035
10 -0.733848 1.11742 -0.988279 -0.4492 0.8929 -0.0303 0.927332 0.26601 0.0788789 0.00585432 -0.996867 0.889936 0.450189 0.0731035
11 -0.731675 1.11759 -1.01574 -0.4492 0.8929 -0.0303 0.929369 0.26601 0.0788956 0.00586276 -0.996866 0.889939 0.45019 0.0730656
12 -0.731675 1.11759 -1.01574 0.3116 0.9497 0.0303 0.493552 0.224573 -0.0788878 -0.00592144 0.996866 -0.946931 0.313023 -0.0730679
13 -0.733848 1.11742 -0.988279 0.3116 0.9497 0.0303 0.495589 0.224573 -0.0788982 -0.00591801 0.996865 -0.946931 0.313023 -0.0730666
14 -0.715834 1.11147 -0.986889 0.3116 0.9497 0.0303 0.495589 0.225568 -0.0788878 -0.00592143 0.996866 -0.946931 0.313023 -0.0730679
15 -0.731675 1.11759 -1.01574 0.3116 0.9497 0.0303 0.493552 0.224573 -0.0788878 -0.00592144 0.996866 -0.946931 0.313023 -0.0730679
16 -0.715834 1.11147 -0.986889 0.3116 0.9497 0.0303 0.495589 0.225568 -0.0788878 -0.00592143 0.996866 -0.946931 0.313023 -0.0730679
17 -0.713662 1.11163 -1.01435 0.3116 0.9497 0.0303 0.493552 0.225568 -0.0788671 -0.00592828 0.996868 -0.946931 0.313023 -0.0730704
18 -0.713662 1.11163 -1.01435 0.8899 0.4502 0.0731 0.493552 0.225568 -0.0788992 -0.00590505 0.996865 -0.449232 0.892902 -0.0302791
19 -0.715834 1.11147 -0.986889 0.8899 0.4502 0.0731 0.495589 0.225568 -0.078899 -0.00590534 0.996865 -0.449232 0.892902 -0.0302792
20 -0.707288 1.09448 -0.986313 0.8899 0.4502 0.0731 0.495589 0.226975 -0.0788992 -0.00590505 0.996865 -0.449232 0.892902 -0.0302791
21 -0.713662 1.11163 -1.01435 0.8899 0.4502 0.0731 0.493552 0.225568 -0.0788992 -0.00590505 0.996865 -0.449232 0.892902 -0.0302791
22 -0.707288 1.09448 -0.986313 0.8899 0.4502 0.0731 0.495589 0.226975 -0.0788992 -0.00590505 0.996865 -0.449232 0.892902 -0.0302791
23 -0.705116 1.09465 -1.01377 0.8899 0.4502 0.0731 0.493552 0.226975 -0.0788995 -0.00590448 0.996865 -0.449232 0.892902 -0.0302789
24 -0.705116 1.09465 -1.01377 0.9469 -0.3131 0.0731 0.937886 0.103033 0.0788972 0.00586686 -0.996866 -0.311689 -0.949702 -0.0302809
25 -0.707288 1.09448 -0.986313 0.9469 -0.3131 0.0731 0.935849 0.103033 0.0788973 0.00586708 -0.996866 -0.311689 -0.949702 -0.0302809
26 -0.713217 1.07642 -0.986889 0.9469 -0.3131 0.0731 0.935849 0.102038 0.0788972 0.00586686 -0.996866 -0.311689 -0.949702 -0.0302809
27 -0.705116 1.09465 -1.01377 0.9469 -0.3131 0.0731 0.937886 0.103033 0.0788972 0.00586686 -0.996866 -0.311689 -0.949702 -0.0302809
28 -0.713217 1.07642 -0.986889 0.9469 -0.3131 0.0731 0.935849 0.102038 0.0788972 0.00586686 -0.996866 -0.311689 -0.949702 -0.0302809
29 -0.711045 1.07658 -1.01435 0.9469 -0.3131 0.0731 0.937886 0.102038 0.0788971 0.00586642 -0.996866 -0.311689 -0.949702 -0.0302807
30 -0.711045 1.07658 -1.01435 0.4492 -0.8929 0.0303 0.937886 0.102038 0.0788779 0.0058538 -0.996867 -0.889938 -0.45019 -0.0730669
31 -0.713217 1.07642 -0.986889 0.4492 -0.8929 0.0303 0.935849 0.102038 0.0788681 0.00584889 -0.996868 -0.889939 -0.45019 -0.0730655
32 -0.730147 1.06785 -0.988279 0.4492 -0.8929 0.0303 0.935849 0.100632 0.0788779 0.0058538 -0.996867 -0.889938 -0.45019 -0.0730669
33 -0.711045 1.07658 -1.01435 0.4492 -0.8929 0.0303 0.937886 0.102038 0.0788779 0.0058538 -0.996867 -0.889938 -0.45019 -0.0730669
34 -0.730147 1.06785 -0.988279 0.4492 -0.8929 0.0303 0.935849 0.100632 0.0788779 0.0058538 -0.996867 -0.889938 -0.45019 -0.0730669
35 -0.727974 1.06801 -1.01574 0.4492 -0.8929 0.0303 0.937886 0.100632 0.0788973 0.00586363 -0.996866 -0.889938 -0.45019 -0.0730697
36 -0.727974 1.06801 -1.01574 -0.3116 -0.9497 -0.0303 0.937886 0.100632 0.07889 0.00592072 -0.996866 -0.946928 0.313023 -0.0731043
37 -0.730147 1.06785 -0.988279 -0.3116 -0.9497 -0.0303 0.935849 0.100632 0.0789001 0.00591737 -0.996865 -0.946926 0.313023 -0.0731233
38 -0.74816 1.07381 -0.98967 -0.3116 -0.9497 -0.0303 0.935849 0.099637 0.07889 0.00592072 -0.996866 -0.946928 0.313023 -0.0731043
39 -0.727974 1.06801 -1.01574 -0.3116 -0.9497 -0.0303 0.937886 0.100632 0.07889 0.00592072 -0.996866 -0.946928 0.313023 -0.0731043
40 -0.74816 1.07381 -0.98967 -0.3116 -0.9497 -0.0303 0.935849 0.099637 0.07889 0.00592072 -0.996866 -0.946928 0.313023 -0.0731043
41 -0.745988 1.07397 -1.01713 -0.3116 -0.9497 -0.0303 0.937886 0.099637 0.0788697 0.00592744 -0.996867 -0.946931 0.313023 -0.0730663
42 -0.745988 1.07397 -1.01713 -0.8899 -0.4502 -0.0731 0.929369 0.269406 0.0788994 0.00590466 -0.996865 -0.449234 0.892902 -0.030248
43 -0.74816 1.07381 -0.98967 -0.8899 -0.4502 -0.0731 0.927332 0.269406 0.0788995 0.00590434 -0.996865 -0.449235 0.892902 -0.0302304
44 -0.756705 1.09079 -0.990245 -0.8899 -0.4502 -0.0731 0.927332 0.268411 0.0788994 0.00590466 -0.996865 -0.449234 0.892902 -0.030248
45 -0.745988 1.07397 -1.01713 -0.8899 -0.4502 -0.0731 0.929369 0.269406 0.0788994 0.00590466 -0.996865 -0.449234 0.892902 -0.030248
46 -0.756705 1.09079 -0.990245 -0.8899 -0.4502 -0.0731 0.927332 0.268411 0.0788994 0.00590466 -0.996865 -0.449234 0.892902 -0.030248
47 -0.754533 1.09096 -1.0177 -0.8899 -0.4502 -0.0731 0.929369 0.268411 0.0788991 0.0059053 -0.996865 -0.449231 0.892902 -0.0302833
48 -0.713217 1.07642 -0.986889 -0.0789 -0.0059 0.9969 0.068023 0.884339 0.88994 0.450182 0.0730989 0.449134 -0.892952 0.0302621
49 -0.74816 1.07381 -0.98967 -0.0789 -0.0059 0.9969 0.065621 0.885334 0.889938 0.450185 0.0730988 0.449148 -0.892945 0.0302632
50 -0.730147 1.06785 -0.988279 -0.0789 -0.0059 0.9969 0.066616 0.884339 0.889942 0.450177 0.0730991 0.449093 -0.892973 0.0302587
51 -0.74816 1.07381 -0.98967 -0.0789 -0.0059 0.9969 0.065621 0.885334 0.889938 0.450185 0.0730988 0.449148 -0.892945 0.0302632
52 -0.713217 1.07642 -0.986889 -0.0789 -0.0059 0.9969 0.068023 0.884339 0.88994 0.450182 0.0730989 0.449134 -0.892952 0.0302621
53 -0.707288 1.09448 -0.986313 -0.0789 -0.0059 0.9969 0.069018 0.885334 0.889933 0.450196 0.0730985 0.449215 -0.892911 0.0302687
54 -0.74816 1.07381 -0.98967 -0.0789 -0.0059 0.9969 0.065621 0.885334 0.889938 0.450185 0.0730988 0.449148 -0.892945 0.0302632
55 -0.707288 1.09448 -0.986313 -0.0789 -0.0059 0.9969 0.069018 0.885334 0.889933 0.450196 0.0730985 0.449215 -0.892911 0.0302687
56 -0.756705 1.09079 -0.990245 -0.0789 -0.0059 0.9969 0.065621 0.886741 0.889932 0.450198 0.0730984 0.44922 -0.892908 0.0302691
57 -0.756705 1.09079 -0.990245 -0.0789 -0.0059 0.9969 0.065621 0.886741 0.889932 0.450198 0.0730984 0.44922 -0.892908 0.0302691
58 -0.707288 1.09448 -0.986313 -0.0789 -0.0059 0.9969 0.069018 0.885334 0.889933 0.450196 0.0730985 0.449215 -0.892911 0.0302687
59 -0.715834 1.11147 -0.986889 -0.0789 -0.0059 0.9969 0.069018 0.886741 0.88993 0.450201 0.0730983 0.449229 -0.892904 0.0302699
60 -0.756705 1.09079 -0.990245 -0.0789 -0.0059 0.9969 0.065621 0.886741 0.889932 0.450198 0.0730984 0.44922 -0.892908 0.0302691
61 -0.715834 1.11147 -0.986889 -0.0789 -0.0059 0.9969 0.069018 0.886741 0.88993 0.450201 0.0730983 0.449229 -0.892904 0.0302699
62 -0.750777 1.10886 -0.98967 -0.0789 -0.0059 0.9969 0.066616 0.887735 0.88993 0.4502 0.0730983 0.449235 -0.892901 0.0302704
63 -0.750777 1.10886 -0.98967 -0.0789 -0.0059 0.9969 0.066616 0.887735 0.88993 0.4502 0.0730983 0.449235 -0.892901 0.0302704
64 -0.715834 1.11147 -0.986889 -0.0789 -0.0059 0.9969 0.069018 0.886741 0.88993 0.450201 0.0730983 0.449229 -0.892904 0.0302699
65 -0.733848 1.11742 -0.988279 -0.0789 -0.0059 0.9969 0.068023 0.887735 0.889933 0.450195 0.0730985 0.449181 -0.892928 0.0302659
66 -0.745988 1.07397 -1.01713 0.0789 0.0059 -0.9969 0.859472 0.84752 -0.889929 -0.450203 -0.0730982 0.449185 -0.892926 0.0302662
67 -0.711045 1.07658 -1.01435 0.0789 0.0059 -0.9969 0.85707 0.846525 -0.889932 -0.450197 -0.0730984 0.449198 -0.89292 0.0302673
68 -0.727974 1.06801 -1.01574 0.0789 0.0059 -0.9969 0.858477 0.846525 -0.889932 -0.450198 -0.0730984 0.44918 -0.892929 0.0302658
69 -0.711045 1.07658 -1.01435 0.0789 0.0059 -0.9969 0.85707 0.846525 -0.889932 -0.450197 -0.0730984 0.449198 -0.89292 0.0302673
70 -0.745988 1.07397 -1.01713 0.0789 0.0059 -0.9969 0.859472 0.84752 -0.889929 -0.450203 -0.0730982 0.449185 -0.892926 0.0302662
71 -0.754533 1.09096 -1.0177 0.0789 0.0059 -0.9969 0.859472 0.848927 -0.88993 -0.450202 -0.0730982 0.449222 -0.892907 0.0302693
72 -0.711045 1.07658 -1.01435 0.0789 0.0059 -0.9969 0.85707 0.846525 -0.889932 -0.450197 -0.0730984 0.449198 -0.89292 0.0302673
73 -0.754533 1.09096 -1.0177 0.0789 0.0059 -0.9969 0.859472 0.848927 -0.88993 -0.450202 -0.0730982 0.449222 -0.892907 0.0302693
74 -0.705116 1.09465 -1.01377 0.0789 0.0059 -0.9969 0.856075 0.84752 -0.889937 -0.450187 -0.0730987 0.449238 -0.892899 0.0302706
75 -0.705116 1.09465 -1.01377 0.0789 0.0059 -0.9969 0.856075 0.84752 -0.889937 -0.450187 -0.0730987 0.449238 -0.892899 0.0302706
76 -0.754533 1.09096 -1.0177 0.0789 0.0059 -0.9969 0.859472 0.848927 -0.88993 -0.450202 -0.0730982 0.449222 -0.892907 0.0302693
77 -0.713662 1.11163 -1.01435 0.0789 0.0059 -0.9969 0.856075 0.848927 -0.889933 -0.450196 -0.0730984 0.449187 -0.892925 0.0302664
78 -0.713662 1.11163 -1.01435 0.0789 0.0059 -0.9969 0.856075 0.848927 -0.889933 -0.450196 -0.0730984 0.449187 -0.892925 0.0302664
79 -0.754533 1.09096 -1.0177 0.0789 0.0059 -0.9969 0.859472 0.848927 -0.88993 -0.450202 -0.0730982 0.449222 -0.892907 0.0302693
80 -0.748605 1.10902 -1.01713 0.0789 0.0059 -0.9969 0.858477 0.849921 -0.889934 -0.450194 -0.0730985 0.449172 -0.892932 0.0302652
81 -0.713662 1.11163 -1.01435 0.0789 0.0059 -0.9969 0.856075 0.848927 -0.889933 -0.450196 -0.0730984 0.449187 -0.892925 0.0302664
82 -0.748605 1.10902 -1.01713 0.0789 0.0059 -0.9969 0.858477 0.849921 -0.889934 -0.450194 -0.0730985 0.449172 -0.892932 0.0302652
83 -0.731675 1.11759 -1.01574 0.0789 0.0059 -0.9969 0.85707 0.849921 -0.889942 -0.450177 -0.0730991 0.449024 -0.893007 0.0302531
