0 0.54367 0.182279 -0.13361 0.8459 -0.5332 -0.0129 0.953095 0.06826 -0.000113347 -0.0243662 0.999703 0.533352 0.84564 0.0206999
1 0.543667 0.181827 -0.115051 0.8459 -0.5332 -0.0129 0.954468 0.06826 -0.000118645 -0.0243746 0.999703 0.533352 0.84564 0.0206998
2 0.52723 0.155763 -0.115689 0.8459 -0.5332 -0.0129 0.954468 0.070539 -0.000113347 -0.0243662 0.999703 0.533352 0.84564 0.0206999
3 0.54367 0.182279 -0.13361 0.8459 -0.5332 -0.0129 0.953095 0.06826 -0.000113347 -0.0243662 0.999703 0.533352 0.84564 0.0206999
4 0.52723 0.155763 -0.115689 0.8459 -0.5332 -0.0129 0.954468 0.070539 -0.000113347 -0.0243662 0.999703 0.533352 0.84564 0.0206999
5 0.527232 0.156215 -0.134248 0.8459 -0.5332 -0.0129 0.953095 0.070539 -0.000102751 -0.0243494 0.999704 0.533352 0.84564 0.0207
6 0.527232 0.156215 -0.134248 0.221 -0.975 -0.0237 0.953095 0.070539 -0.000128293 -0.0243296 0.999704 0.975275 0.220928 0.0055366
7 0.52723 0.155763 -0.115689 0.221 -0.975 -0.0237 0.954468 0.070539 -0.00011088 -0.0243256 0.999704 0.975275 0.220927 0.00554747
8 0.497171 0.148953 -0.11586 0.221 -0.975 -0.0237 0.954468 0.07215 -0.000128293 -0.0243296 0.999704 0.975275 0.220928 0.0055366
9 0.527232 0.156215 -0.134248 0.221 -0.975 -0.0237 0.953095 0.070539 -0.000128293 -0.0243296 0.999704 0.975275 0.220928 0.0055366
10 0.497171 0.148953 -0.11586 0.221 -0.975 -0.0237 0.954468 0.07215 -0.000128293 -0.0243296 0.999704 0.975275 0.220928 0.0055366
11 0.497174 0.149405 -0.134418 0.221 -0.975 -0.0237 0.953095 0.07215 -0.000163119 -0.0243375 0.999704 0.975275 0.220928 0.00551487
12 0.497174 0.149405 -0.134418 -0.5333 -0.8457 -0.0207 0.661885 0.948343 0.000161747 0.0243675 -0.999703 -0.845934 0.533132 0.0128694
13 0.497171 0.148953 -0.11586 -0.5333 -0.8457 -0.0207 0.660512 0.948343 0.000169373 0.0243627 -0.999703 -0.845934 0.533132 0.0128805
14 0.471099 0.165385 -0.115463 -0.5333 -0.8457 -0.0207 0.660512 0.946731 0.000161747 0.0243675 -0.999703 -0.845934 0.533132 0.0128694
15 0.497174 0.149405 -0.134418 -0.5333 -0.8457 -0.0207 0.661885 0.948343 0.000161747 0.0243675 -0.999703 -0.845934 0.533132 0.0128694
16 0.471099 0.165385 -0.115463 -0.5333 -0.8457 -0.0207 0.660512 0.946731 0.000161747 0.0243675 -0.999703 -0.845934 0.533132 0.0128694
17 0.471102 0.165838 -0.134022 -0.5333 -0.8457 -0.0207 0.661885 0.946731 0.000146493 0.0243771 -0.999703 -0.845934 0.533133 0.0128473
18 0.471102 0.165838 -0.134022 -0.9753 -0.221 -0.0055 0.661885 0.946731 0.00011378 0.0243773 -0.999703 -0.221059 0.974972 0.0236958
19 0.471099 0.165385 -0.115463 -0.9753 -0.221 -0.0055 0.660512 0.946731 0.000110839 0.0243903 -0.999703 -0.221059 0.974973 0.0236849
20 0.464287 0.195435 -0.114733 -0.9753 -0.221 -0.0055 0.660512 0.944452 0.00011378 0.0243773 -0.999703 -0.221059 0.974972 0.0236958
21 0.471102 0.165838 -0.134022 -0.9753 -0.221 -0.0055 0.661885 0.946731 0.00011378 0.0243773 -0.999703 -0.221059 0.974972 0.0236958
22 0.464287 0.195435 -0.114733 -0.9753 -0.221 -0.0055 0.660512 0.944452 0.00011378 0.0243773 -0.999703 -0.221059 0.974972 0.0236958
23 0.464289 0.195887 -0.133291 -0.9753 -0.221 -0.0055 0.661885 0.944452 0.000119661 0.0243514 -0.999703 -0.221059 0.974972 0.0237178
24 0.464289 0.195887 -0.133291 -0.8459 0.5332 0.0129 0.661885 0.944452 0.00010864 0.0243587 -0.999703 0.533352 0.84564 0.0206891
25 0.464287 0.195435 -0.114733 -0.8459 0.5332 0.0129 0.660512 0.944452 0.000103803 0.0243511 -0.999703 0.533352 0.84564 0.0206998
26 0.480724 0.221499 -0.114095 -0.8459 0.5332 0.0129 0.660512 0.942841 0.00010864 0.0243587 -0.999703 0.533352 0.84564 0.0206891
27 0.464289 0.195887 -0.133291 -0.8459 0.5332 0.0129 0.661885 0.944452 0.00010864 0.0243587 -0.999703 0.533352 0.84564 0.0206891
28 0.480724 0.221499 -0.114095 -0.8459 0.5332 0.0129 0.660512 0.942841 0.00010864 0.0243587 -0.999703 0.533352 0.84564 0.0206891
29 0.480727 0.221951 -0.132654 -0.8459 0.5332 0.0129 0.661885 0.942841 0.000118313 0.0243741 -0.999703 0.533352 0.845641 0.0206677
30 0.480727 0.221951 -0.132654 -0.221 0.975 0.0237 0.214006 0.940293 -0.000162814 -0.0243374 0.999704 -0.975275 -0.220927 -0.00554677
31 0.480724 0.221499 -0.114095 -0.221 0.975 0.0237 0.215379 0.940293 -0.000162798 -0.0243374 0.999704 -0.975275 -0.220927 -0.00554693
32 0.510782 0.22831 -0.113924 -0.221 0.975 0.0237 0.215379 0.941905 -0.000162814 -0.0243374 0.999704 -0.975275 -0.220927 -0.00554677
33 0.480727 0.221951 -0.132654 -0.221 0.975 0.0237 0.214006 0.940293 -0.000162814 -0.0243374 0.999704 -0.975275 -0.220927 -0.00554677
34 0.510782 0.22831 -0.113924 -0.221 0.975 0.0237 0.215379 0.941905 -0.000162814 -0.0243374 0.999704 -0.975275 -0.220927 -0.00554677
35 0.510785 0.228762 -0.132483 -0.221 0.975 0.0237 0.214006 0.941905 -0.000162846 -0.0243374 0.999704 -0.975275 -0.220927 -0.00554645
36 0.510785 0.228762 -0.132483 0.5333 0.8457 0.0207 0.214006 0.941905 -0.000169964 -0.0243623 0.999703 -0.845934 0.533133 0.0128475
37 0.510782 0.22831 -0.113924 0.5333 0.8457 0.0207 0.215379 0.941905 -0.000169965 -0.0243623 0.999703 -0.845934 0.533133 0.0128476
38 0.536854 0.211877 -0.11432 0.5333 0.8457 0.0207 0.215379 0.944184 -0.000169964 -0.0243623 0.999703 -0.845934 0.533133 0.0128475
39 0.510785 0.228762 -0.132483 0.5333 0.8457 0.0207 0.214006 0.941905 -0.000169964 -0.0243623 0.999703 -0.845934 0.533133 0.0128475
40 0.536854 0.211877 -0.11432 0.5333 0.8457 0.0207 0.215379 0.944184 -0.000169964 -0.0243623 0.999703 -0.845934 0.533133 0.0128475
41 0.536857 0.212329 -0.132879 0.5333 0.8457 0.0207 0.214006 0.944184 -0.000169962 -0.0243623 0.999703 -0.845934 0.533133 0.0128473
42 0.536857 0.212329 -0.132879 0.9753 0.221 0.0055 0.214006 0.944184 -0.000122477 -0.024339 0.999704 -0.221059 0.974972 0.0237172
43 0.536854 0.211877 -0.11432 0.9753 0.221 0.0055 0.215379 0.944184 -0.000122528 -0.0243388 0.999704 -0.221059 0.974972 0.0237172
44 0.543667 0.181827 -0.115051 0.9753 0.221 0.0055 0.215379 0.945795 -0.000122477 -0.024339 0.999704 -0.221059 0.974972 0.0237172
45 0.536857 0.212329 -0.132879 0.9753 0.221 0.0055 0.214006 0.944184 -0.000122477 -0.024339 0.999704 -0.221059 0.974972 0.0237172
46 0.543667 0.181827 -0.115051 0.9753 0.221 0.0055 0.215379 0.945795 -0.000122477 -0.024339 0.999704 -0.221059 0.974972 0.0237172
47 0.54367 0.182279 -0.13361 0.9753 0.221 0.0055 0.214006 0.945795 -0.000122376 -0.0243394 0.999704 -0.221059 0.974972 0.023717
48 0.480724 0.221499 -0.114095 -0.0002 -0.0244 0.9997 0.621469 0.227123 0.975262 0.220983 0.00558871 0.220885 -0.975011 -0.0237532
49 0.536854 0.211877 -0.11432 -0.0002 -0.0244 0.9997 0.62536 0.225511 0.975262 0.22098 0.00558864 0.220926 -0.975001 -0.023753
50 0.510782 0.22831 -0.113924 -0.0002 -0.0244 0.9997 0.623748 0.227123 0.97526 0.220989 0.00558885 0.220739 -0.975044 -0.023754
51 0.536854 0.211877 -0.11432 -0.0002 -0.0244 0.9997 0.62536 0.225511 0.975262 0.22098 0.00558864 0.220926 -0.975001 -0.023753
52 0.480724 0.221499 -0.114095 -0.0002 -0.0244 0.9997 0.621469 0.227123 0.975262 0.220983 0.00558871 0.220885 -0.975011 -0.0237532
53 0.464287 0.195435 -0.114733 -0.0002 -0.0244 0.9997 0.619857 0.225511 0.975264 0.22097 0.00558841 0.221105 -0.974961 -0.0237519
54 0.536854 0.211877 -0.11432 -0.0002 -0.0244 0.9997 0.62536 0.225511 0.975262 0.22098 0.00558864 0.220926 -0.975001 -0.023753
55 0.464287 0.195435 -0.114733 -0.0002 -0.0244 0.9997 0.619857 0.225511 0.975264 0.22097 0.00558841 0.221105 -0.974961 -0.0237519
56 0.543667 0.181827 -0.115051 -0.0002 -0.0244 0.9997 0.62536 0.223232 0.975265 0.22097 0.00558839 0.221076 -0.974967 -0.0237521
57 0.543667 0.181827 -0.115051 -0.0002 -0.0244 0.9997 0.62536 0.223232 0.975265 0.22097 0.00558839 0.221076 -0.974967 -0.0237521
58 0.464287 0.195435 -0.114733 -0.0002 -0.0244 0.9997 0.619857 0.225511 0.975264 0.22097 0.00558841 0.221105 -0.974961 -0.0237519
59 0.471099 0.165385 -0.115463 -0.0002 -0.0244 0.9997 0.619857 0.223232 0.975266 0.220964 0.00558272 0.220987 -0.974988 -0.0237283
60 0.543667 0.181827 -0.115051 -0.0002 -0.0244 0.9997 0.62536 0.223232 0.975265 0.22097 0.00558839 0.221076 -0.974967 -0.0237521
61 0.471099 0.165385 -0.115463 -0.0002 -0.0244 0.9997 0.619857 0.223232 0.975266 0.220964 0.00558272 0.220987 -0.974988 -0.0237283
62 0.52723 0.155763 -0.115689 -0.0002 -0.0244 0.9997 0.623748 0.221621 0.975266 0.220962 0.00558084 0.221035 -0.974977 -0.0237199
63 0.52723 0.155763 -0.115689 -0.0002 -0.0243 0.9997 0.623748 0.221621 0.975266 0.220962 0.00558084 0.221035 -0.974977 -0.0237199
64 0.471099 0.165385 -0.115463 -0.0002 -0.0243 0.9997 0.619857 0.223232 0.975266 0.220964 0.00558272 0.220987 -0.974988 -0.0237283
65 0.497171 0.148953 -0.11586 -0.0002 -0.0243 0.9997 0.621469 0.221621 0.975269 0.220951 0.00556583 0.220725 -0.975049 -0.0236566
66 0.536857 0.212329 -0.132879 0.0002 0.0244 -0.9997 0.731305 0.441013 -0.221251 0.974928 0.0237511 -0.975251 -0.221029 -0.00558982
67 0.480727 0.221951 -0.132654 0.0002 0.0244 -0.9997 0.732917 0.437123 -0.221249 0.974928 0.0237511 -0.97526 -0.220989 -0.00558885
68 0.510785 0.228762 -0.132483 0.0002 0.0244 -0.9997 0.732917 0.439402 -0.221352 0.974905 0.0237505 -0.97526 -0.220989 -0.00558885
69 0.480727 0.221951 -0.132654 0.0002 0.0244 -0.9997 0.732917 0.437123 -0.221249 0.974928 0.0237511 -0.97526 -0.220989 -0.00558885
70 0.536857 0.212329 -0.132879 0.0002 0.0244 -0.9997 0.731305 0.441013 -0.221251 0.974928 0.0237511 -0.975251 -0.221029 -0.00558982
71 0.54367 0.182279 -0.13361 0.0002 0.0244 -0.9997 0.729026 0.441013 -0.221021 0.97498 0.0237524 -0.975258 -0.220999 -0.00558911
72 0.480727 0.221951 -0.132654 0.0002 0.0244 -0.9997 0.732917 0.437123 -0.221249 0.974928 0.0237511 -0.97526 -0.220989 -0.00558885
73 0.54367 0.182279 -0.13361 0.0002 0.0244 -0.9997 0.729026 0.441013 -0.221021 0.97498 0.0237524 -0.975258 -0.220999 -0.00558911
74 0.464289 0.195887 -0.133291 0.0002 0.0244 -0.9997 0.731305 0.435511 -0.221182 0.974943 0.0237515 -0.975281 -0.220898 -0.00558664
75 0.464289 0.195887 -0.133291 0.0002 0.0244 -0.9997 0.731305 0.435511 -0.221182 0.974943 0.0237515 -0.975281 -0.220898 -0.00558664
76 0.54367 0.182279 -0.13361 0.0002 0.0244 -0.9997 0.729026 0.441013 -0.221021 0.97498 0.0237524 -0.975258 -0.220999 -0.00558911
77 0.471102 0.165838 -0.134022 0.0002 0.0244 -0.9997 0.729026 0.435511 -0.220891 0.97501 0.0237288 -0.975268 -0.220956 -0.00558253
78 0.471102 0.165838 -0.134022 0.0002 0.0244 -0.9997 0.729026 0.435511 -0.220891 0.97501 0.0237288 -0.975268 -0.220956 -0.00558253
79 0.54367 0.182279 -0.13361 0.0002 0.0244 -0.9997 0.729026 0.441013 -0.221021 0.97498 0.0237524 -0.975258 -0.220999 -0.00558911
80 0.527232 0.156215 -0.134248 0.0002 0.0244 -0.9997 0.727414 0.439402 -0.220721 0.975049 0.0237217 -0.975268 -0.220956 -0.00558069
81 0.471102 0.165838 -0.134022 0.0002 0.0243 -0.9997 0.729026 0.435511 -0.220891 0.97501 0.0237288 -0.975268 -0.220956 -0.00558253
82 0.527232 0.156215 -0.134248 0.0002 0.0243 -0.9997 0.727414 0.439402 -0.220721 0.975049 0.0237217 -0.975268 -0.220956 -0.00558069
83 0.497174 0.149405 -0.134418 0.0002 0.0243 -0.9997 0.727414 0.437123 -0.220745 0.975045 0.0236565 -0.975268 -0.220957 -0.00556598
