0 -0.537873 -0.057997 1.15438 -0.2335 -0.8198 0.5228 0.058285 0.430133 -0.189223 -0.489097 -0.851457 0.972354 -0.196551 0.126075
1 -1.05209 -0.0646 0.954513 -0.3418 -0.6257 0.7012 0.082613 0.493339 -0.263757 -0.652278 -0.71061 0.936154 -0.292114 0.195667
2 -1.15573 -0.217847 0.459469 -0.2767 -0.9377 0.2098 0.152906 0.501317 -0.0477281 -0.204675 -0.977666 0.960288 -0.26168 0.0968051
3 -1.17643 1.28123 0.64638 -0.424 0.8907 0.1639 0.206316 0.621814 -0.641316 -0.167498 -0.748771 -0.551915 -0.397607 0.733006
4 -1.01978 1.17495 1.10596 -0.3392 0.8184 0.4639 0.15563 0.597671 -0.697399 0.112185 -0.707848 -0.535041 -0.573441 0.6204
5 -0.610285 1.14795 1.32788 -0.4606 0.7729 0.4365 0.099783 0.612345 -0.69943 -0.0132597 -0.714578 -0.466337 -0.629138 0.621865
6 0.808457 1.34641 0.902078 0.3785 0.8849 0.2715 0.854473 0.650704 0.848884 -0.214936 -0.482906 -0.256252 0.382023 -0.887915
7 0.444005 1.03271 1.51382 0.4712 0.5796 0.6648 0.794976 0.75103 0.851439 -0.102183 -0.514403 -0.00781513 0.756469 -0.653983
8 0.936321 0.677546 1.42649 0.3206 0.1589 0.9338 0.870663 0.825108 0.947214 -0.0557786 -0.315713 0.305178 0.915935 -0.260635
9 -0.610285 1.14795 1.32788 -0.4606 0.7729 0.4365 0.944083 0.305364 0.704672 0.019394 0.709268 0.813791 0.564037 -0.140022
10 -1.01978 1.17495 1.10596 -0.3392 0.8184 0.4639 0.905653 0.317398 0.708709 -0.101966 0.698093 0.8635 0.466517 -0.19165
11 -1.28159 0.883991 1.21808 -0.6468 0.2888 0.7058 0.916733 0.395483 0.697072 -0.151506 0.700811 0.490836 0.86601 0.0954284
12 -1.71944 0.916506 -0.699776 -0.9007 0.3719 -0.2243 0.336809 0.917995 0.283575 0.112239 -0.952359 -0.261525 -0.876755 -0.403616
13 -1.35602 1.24504 -0.716849 -0.4584 0.8627 -0.2136 0.369246 0.999158 0.578216 0.106975 -0.808841 -0.657565 -0.4909 -0.571511
14 -0.681862 1.18046 -1.48157 -0.301 0.8199 -0.4868 0.489191 1 0.696106 -0.159968 -0.699891 -0.539445 -0.567464 -0.622079
15 -0.321458 -0.060305 -0.702046 0.0107 -0.8069 -0.5905 0.512673 0.68941 0.955993 -0.164885 0.242672 -0.227983 -0.577069 0.784229
16 -0.692441 -0.114299 -0.835835 0.23 -0.6944 -0.6818 0.481603 0.676941 0.961125 0.0521038 0.271154 -0.150234 -0.71756 0.680101
17 -1.06328 0.074521 -1.01561 -0.2312 -0.595 -0.7697 0.447322 0.723753 0.972227 -0.111726 -0.205652 0.0932417 -0.801088 0.59124
18 -0.359688 -0.219676 -0.596748 0.0168 -0.8465 -0.5321 0.276846 0.416471 0.13777 0.529055 -0.837329 0.99981 0.0195039 0.000538072
19 -0.476225 -0.274043 -0.03739 -0.0403 -0.9986 -0.0329 0.215363 0.421461 0.118258 0.0279335 -0.99259 0.999007 -0.0408988 0.0176961
20 -1.09463 -0.254018 -0.118459 -0.1221 -0.9916 -0.0412 0.223692 0.49759 0.12429 0.0259174 -0.991907 0.992476 -0.122367 0.00413877
21 0.548058 -0.284113 -0.657622 -0.0122 -0.9719 -0.235 0.288525 0.304379 0.173518 0.229396 -0.957741 0.999926 -0.0117694 -0.00323475
22 0.480423 -0.312115 -0.11106 0.1223 -0.9924 0.015 0.226456 0.305261 0.0822772 -0.00492395 -0.996597 0.990349 0.121028 -0.06753
23 -0.015789 -0.312706 -0.060242 -0.071 -0.993 -0.094 0.220811 0.364157 0.121158 0.0849567 -0.988991 0.994265 -0.0780176 0.0731499
24 0.383454 -0.298149 0.53317 0.1222 -0.9814 0.1481 0.149628 0.311253 -0.000588351 -0.149289 -0.988793 0.991283 0.11328 -0.0672675
25 0.243586 -0.141476 1.19107 0.0805 -0.8493 0.5216 0.060049 0.331018 -0.00588896 -0.52369 -0.851888 0.996753 0.0673124 -0.0441947
26 -0.154563 -0.1145 1.22899 -0.0862 -0.8494 0.5206 0.053708 0.37999 -0.166649 -0.502903 -0.848126 0.996277 -0.0740398 0.0441595
27 -0.19801 1.36038 0.630818 -0.0467 0.9964 0.0705 0.115533 0.700054 -0.71824 0.0155577 -0.695621 -0.652876 -0.0838641 0.752808
28 -0.344848 1.15238 1.73 -0.2177 0.4944 0.8415 0.042023 0.597502 -0.86674 0.298457 -0.399606 -0.660112 -0.709664 0.246227
29 -0.065279 1.10293 1.79604 -0.0864 0.1465 0.9854 0.011393 0.616616 -0.970605 0.210622 -0.116468 -0.939629 -0.340724 -0.0316905
30 0.801564 1.33331 -0.716665 0.1783 0.9707 -0.1613 0.133867 0.905328 -0.73751 0.0233163 -0.674934 -0.658484 0.239512 0.713465
31 0.062998 1.2763 -0.994314 0.0073 0.9872 -0.1591 0.226136 0.872367 -0.757676 -0.0983739 -0.645174 -0.668955 0.123085 0.733041
32 0.046107 1.35157 -0.25373 -0.0273 0.9981 -0.0548 0.165692 0.800604 -0.753492 -0.0565729 -0.655018 -0.664551 0.0228308 0.746894
33 -0.544178 1.29005 -0.889409 -0.0443 0.9915 -0.1219 0.273683 0.812443 -0.75911 -0.112738 -0.641126 -0.666781 0.0615145 0.74271
34 -1.35602 1.24504 -0.716849 -0.4584 0.8627 -0.2136 0.335575 0.732159 -0.629726 -0.484879 -0.606908 -0.593673 -0.118379 0.795951
35 -1.17709 1.30324 0.009798 -0.3447 0.9384 0.0225 0.258354 0.67847 -0.708291 -0.244279 -0.662308 -0.598031 -0.238003 0.765319
36 1.34767 0.189763 0.746821 0.9216 -0.3604 0.1438 0.422948 0.345937 0.377248 0.919013 -0.11445 -0.13561 0.0480854 0.989595
37 1.26746 0.63073 1.00836 0.9593 0.2226 0.1738 0.520455 0.315266 -0.227873 0.973632 0.0107453 -0.181703 0.0153637 0.983233
38 1.15527 0.478039 1.38159 0.6485 -0.0321 0.7605 0.477461 0.273669 0.176844 0.978128 -0.10951 -0.752949 0.119457 0.647146
39 1.32379 0.127379 -0.85606 0.9199 -0.2912 -0.2625 0.422729 0.540793 0.276815 0.956596 -0.0910954 0.266082 -0.0279743 0.963544
40 1.26711 0.600208 -0.689727 0.9854 -0.1624 0.0501 0.529375 0.520895 0.162154 0.986728 0.00862412 -0.0431963 0.0458193 0.998015
41 1.17518 0.692469 0.169032 0.9634 0.2672 -0.0184 0.539575 0.419263 -0.267249 0.963627 -0.000553418 -0.00400851 0.0830286 0.996539
42 1.42354 0.897206 -0.707035 0.9933 0.0353 0.1095 0.744126 0.185515 -0.00184672 -0.94665 0.322259 0.11319 -0.127413 -0.98537
43 1.23195 1.21687 -0.594471 0.6381 0.769 0.0386 0.672331 0.212548 0.690883 -0.593953 0.41219 0.314978 -0.214964 -0.924435
44 0.975431 1.24656 0.047895 0.5967 0.7991 0.0731 0.683844 0.288036 0.685271 -0.554883 0.471709 0.340785 -0.169879 -0.924666
45 -0.706694 0.190636 1.34694 -0.3263 -0.4738 0.818 0.016271 0.463701 -0.339463 -0.748883 -0.569157 0.929144 -0.319913 0.185331
46 -1.04357 0.402928 1.28959 -0.4341 -0.3292 0.8386 0.006598 0.517682 -0.369225 -0.784069 -0.498908 0.887026 -0.318733 0.334058
47 -1.64806 0.452009 0.853586 -0.9136 0.0898 0.3966 0.054401 0.597502 -0.35503 -0.651674 -0.67028 0.292946 -0.53102 0.795111
48 0.667029 0.439932 1.44868 0.1267 -0.0326 0.9914 0.855242 0.87408 0.991774 0.0224823 -0.126008 0.364685 0.930993 -0.0159958
49 0.260077 0.45264 1.36545 -0.1891 -0.1869 0.964 0.818683 0.862527 0.977985 0.0523707 0.201995 -0.031129 0.982369 0.184341
50 -0.13512 0.156677 1.50502 -0.0736 -0.1842 0.9801 0.78606 0.929843 0.993841 0.0680854 0.0874278 0.292085 0.935723 0.197759
51 0.524189 0.69141 1.41045 0.1147 -0.2422 0.9634 0.829103 0.817389 -0.780282 -0.622188 -0.0635692 -0.78438 -0.617192 -0.061825
52 -0.065279 1.10293 1.79604 -0.0864 0.1465 0.9854 0.720806 0.748841 -0.970605 0.210622 -0.116468 -0.939629 -0.340724 -0.0316905
53 -0.344848 1.15238 1.73 -0.2177 0.4944 0.8415 0.693981 0.731774 -0.953342 0.0769824 -0.291913 -0.953251 0.0773583 -0.292109
54 -1.7599 0.319614 -0.724614 -0.899 -0.3404 -0.2756 0.348488 0.774452 0.387264 -0.323979 -0.863171 0.210853 -0.887891 0.408889
55 -1.18573 0.481559 -1.13355 -0.4795 -0.3319 -0.8123 0.431026 0.823249 0.869513 -0.0548691 -0.490853 -0.00323944 -0.925034 0.379871
56 -1.06328 0.074521 -1.01561 -0.2312 -0.595 -0.7697 0.447322 0.723753 0.972227 -0.111726 -0.205652 0.0932417 -0.801088 0.59124
57 -1.64648 0.462612 0.459024 -0.9937 0.1071 0.0343 0.821728 0.505625 0.0346415 0.0013657 0.999399 0.110305 0.987582 0.111872
58 -1.64888 0.429819 -0.064031 -0.9992 0.0001 0.0399 0.758928 0.511854 0.0399003 0.0030748 0.999199 0.00585066 0.989553 0.14405
59 -1.54844 -0.153801 -0.255587 -0.7394 -0.6547 -0.1565 0.747834 0.638881 -0.114892 -0.106295 0.987675 -0.671201 0.734768 0.0980048
60 -1.43432 1.0171 0.746778 -0.8247 0.505 0.2546 0.853441 0.371158 0.251038 -0.0765187 0.964948 0.52121 0.853417 -0.00445815
61 -1.17643 1.28123 0.64638 -0.424 0.8907 0.1639 0.844101 0.299353 0.262268 -0.0524612 0.963568 0.886619 0.445152 -0.12548
62 -1.17709 1.30324 0.009798 -0.3447 0.9384 0.0225 0.766741 0.292817 0.0776436 0.00461535 0.996971 0.933721 0.345283 -0.0945733
63 -0.263198 0.91678 -1.71677 -0.2181 -0.1817 -0.9588 0.554998 0.942537 0.974645 0.00950663 -0.223554 -0.152347 -0.964132 0.217346
64 -0.775458 0.497559 -1.4025 -0.4322 -0.2968 -0.8515 0.491069 0.833696 0.898578 -0.0623371 -0.434363 -0.0198053 -0.940927 0.33803
65 -1.18573 0.481559 -1.13355 -0.4795 -0.3319 -0.8123 0.431026 0.823249 0.869513 -0.0548691 -0.490853 -0.00323944 -0.925034 0.379871
66 0.802037 0.850318 -1.52859 0.4269 0.1494 -0.8918 0.661203 0.928364 0.904304 -0.0729758 0.420605 -0.029059 -0.983488 -0.178623
67 0.556317 0.449266 -1.4965 0.2259 -0.4303 -0.8739 0.642437 0.830035 0.973128 0.0585545 0.222697 -0.23693 -0.894487 0.379153
68 -0.199824 0.33682 -1.53642 -0.117 -0.5871 -0.801 0.565426 0.800031 0.992847 -0.0884775 -0.0801687 0.0721556 -0.809445 0.582746
69 0.468949 -0.142859 -1.02681 -0.0769 -0.8426 -0.5329 0.619708 0.678892 0.762721 0.294482 -0.575793 0.416099 -0.512837 0.750906
70 0.067265 -0.072713 -0.783522 -0.2119 -0.9383 -0.2733 0.560004 0.689679 0.804504 -0.00870287 -0.593884 0.392068 -0.337778 0.855681
71 -0.180515 0.060946 -1.2339 -0.1316 -0.8494 -0.511 0.556413 0.728457 0.873349 0.144511 -0.465165 0.314313 -0.524661 0.791163
72 -0.63092 -0.226328 0.592326 -0.0855 -0.9798 0.1806 0.137636 0.436589 0.00669444 -0.181828 -0.983308 0.995868 -0.0784804 0.0456888
73 -1.15573 -0.217847 0.459469 -0.2767 -0.9377 0.2098 0.152906 0.501317 0.00652529 -0.220145 -0.975445 0.960926 -0.268145 0.0686989
74 -1.09463 -0.254018 -0.118459 -0.1221 -0.9916 -0.0412 0.223692 0.49759 0.0644383 0.0334928 -0.997359 0.992383 -0.12266 0.0114389
75 -0.015789 -0.312706 -0.060242 -0.071 -0.993 -0.094 0.220811 0.364157 0.121158 0.0849567 -0.988991 0.994265 -0.0780176 0.0731499
76 -0.106274 -0.274351 0.595963 -0.0559 -0.9878 0.1455 0.140662 0.370751 0.0249733 -0.147064 -0.988812 0.998197 -0.0520972 0.0298119
77 -0.63092 -0.226328 0.592326 -0.0855 -0.9798 0.1806 0.137636 0.436589 0.00669444 -0.181828 -0.983308 0.995868 -0.0784804 0.0456888
78 -0.154563 -0.1145 1.22899 -0.0862 -0.8494 0.5206 0.053708 0.37999 -0.166649 -0.502903 -0.848126 0.996277 -0.0740398 0.0441595
79 -0.537873 -0.057997 1.15438 -0.2335 -0.8198 0.5228 0.058285 0.430133 -0.189223 -0.489097 -0.851457 0.972354 -0.196551 0.126075
80 -0.63092 -0.226328 0.592326 -0.0855 -0.9798 0.1806 0.137636 0.436589 0.00669444 -0.181828 -0.983308 0.995868 -0.0784804 0.0456888
81 -0.677921 1.3297 0.698183 -0.0936 0.9867 0.1331 0.155028 0.655911 -0.759609 0.0156528 -0.650192 -0.630162 -0.162203 0.759332
82 -0.610285 1.14795 1.32788 -0.4606 0.7729 0.4365 0.099783 0.612345 -0.69943 -0.0132597 -0.714578 -0.466337 -0.629138 0.621865
83 -0.344848 1.15238 1.73 -0.2177 0.4944 0.8415 0.042023 0.597502 -0.86674 0.298457 -0.399606 -0.660112 -0.709664 0.246227
84 0.046107 1.35157 -0.25373 -0.0273 0.9981 -0.0548 0.165692 0.800604 -0.753492 -0.0565729 -0.655018 -0.664551 0.0228308 0.746894
85 -0.603343 1.34358 -0.011276 -0.0434 0.9988 -0.0211 0.206193 0.725698 -0.750941 -0.0465457 -0.658727 -0.661576 -0.0129077 0.749767
86 -0.677921 1.3297 0.698183 -0.0936 0.9867 0.1331 0.155028 0.655911 -0.759609 0.0156528 -0.650192 -0.630162 -0.162203 0.759332
87 -0.603343 1.34358 -0.011276 -0.0434 0.9988 -0.0211 0.206193 0.725698 -0.750941 -0.0465457 -0.658727 -0.661576 -0.0129077 0.749767
88 -1.17709 1.30324 0.009798 -0.3447 0.9384 0.0225 0.258354 0.67847 -0.708291 -0.244279 -0.662308 -0.598031 -0.238003 0.765319
89 -1.17643 1.28123 0.64638 -0.424 0.8907 0.1639 0.206316 0.621814 -0.641316 -0.167498 -0.748771 -0.551915 -0.397607 0.733006
90 1.11593 1.06789 0.980967 0.7524 0.571 0.3283 0.896175 0.717115 0.574972 -0.326182 -0.750342 -0.172811 0.65214 -0.738139
91 0.936321 0.677546 1.42649 0.3206 0.1589 0.9338 0.870663 0.825108 0.947214 -0.0557786 -0.315713 0.305178 0.915935 -0.260635
92 1.15527 0.478039 1.38159 0.6485 -0.0321 0.7605 0.907061 0.866441 0.758885 -0.0508108 -0.64924 0.339914 0.906175 -0.251606
93 1.05091 1.0685 0.197512 0.9405 0.3383 0.0304 0.622627 0.41822 -0.338523 0.940955 0.00246451 -0.0476754 0.0428677 0.997943
94 1.11593 1.06789 0.980967 0.7524 0.571 0.3283 0.617335 0.321574 -0.607367 0.794353 0.0104255 -0.27137 -0.185387 0.944452
95 1.26746 0.63073 1.00836 0.9593 0.2226 0.1738 0.520455 0.315266 -0.227873 0.973632 0.0107453 -0.181703 0.0153637 0.983233
96 0.975431 1.24656 0.047895 0.5967 0.7991 0.0731 0.662917 0.437934 -0.80138 0.588755 0.10563 -0.107989 -0.0102965 0.994099
97 0.808457 1.34641 0.902078 0.3785 0.8849 0.2715 0.672331 0.338936 -0.884962 0.43192 -0.174034 -0.393721 -0.111547 0.912437
98 1.11593 1.06789 0.980967 0.7524 0.571 0.3283 0.617335 0.321574 -0.607367 0.794353 0.0104255 -0.27137 -0.185387 0.944452
99 -0.944509 0.743625 1.39234 -0.3646 -0.0202 0.9309 0.94924 0.412295 0.91864 -0.171167 0.356093 -0.131838 0.990814 -0.0301159
100 -1.28159 0.883991 1.21808 -0.6468 0.2888 0.7058 0.916733 0.395483 0.697072 -0.151506 0.700811 0.490836 0.86601 0.0954284
101 -1.64806 0.452009 0.853586 -0.9136 0.0898 0.3966 0.869574 0.509078 0.39011 -0.0816358 0.917142 0.129477 0.98879 0.0743667
102 0.260077 0.45264 1.36545 -0.1891 -0.1869 0.964 0.791582 0.133782 -0.325606 -0.91424 -0.241135 0.980901 -0.0814746 0.176619
103 -0.06687 0.65206 1.60219 -0.0063 -0.5229 0.8524 0.744126 0.178785 -0.0670838 -0.85027 -0.522054 0.999806 -0.0191809 -0.00438975
104 -0.944509 0.743625 1.39234 -0.3646 -0.0202 0.9309 0.752056 0.292817 -0.51875 -0.82582 -0.221179 0.928741 -0.0799956 0.361997
105 -0.344848 1.15238 1.73 -0.2177 0.4944 0.8415 0.999879 0.293242 0.752564 -0.463957 0.467323 0.714339 0.668238 -0.20779
106 -0.610285 1.14795 1.32788 -0.4606 0.7729 0.4365 0.944083 0.305364 0.704672 0.019394 0.709268 0.813791 0.564037 -0.140022
107 -0.944509 0.743625 1.39234 -0.3646 -0.0202 0.9309 0.94924 0.412295 0.924786 -0.124459 0.359555 0.594506 0.764434 0.249405
108 -1.7599 0.319614 -0.724614 -0.899 -0.3404 -0.2756 0.348488 0.774452 0.387264 -0.323979 -0.863171 0.210853 -0.887891 0.408889
109 -1.71944 0.916506 -0.699776 -0.9007 0.3719 -0.2243 0.336809 0.917995 0.294233 0.142427 -0.945062 -0.386663 -0.921902 0.0242468
110 -0.974527 0.926074 -1.43144 -0.5491 0.0864 -0.8313 0.460672 0.936465 0.83021 -0.0580898 -0.554417 -0.207296 -0.977641 0.0353137
111 -1.48305 1.06852 0.04533 -0.8189 0.5649 0.1013 0.766456 0.36 0.125903 0.00461574 0.992032 0.568907 0.82229 0.0135517
112 -1.71944 0.916506 -0.699776 -0.9007 0.3719 -0.2243 0.672331 0.403343 -0.177584 0.15578 0.971698 0.337795 0.924551 0.176354
113 -1.7599 0.319614 -0.724614 -0.899 -0.3404 -0.2756 0.677773 0.540222 -0.195392 -0.251495 0.947931 -0.368565 0.927905 0.0561361
114 -1.17709 1.30324 0.009798 -0.3447 0.9384 0.0225 0.766741 0.292817 0.0776436 0.00461535 0.996971 0.933721 0.345283 -0.0945733
115 -1.35602 1.24504 -0.716849 -0.4584 0.8627 -0.2136 0.674914 0.312352 0.00470492 0.242692 0.970092 0.885166 0.464722 -0.0226706
116 -1.71944 0.916506 -0.699776 -0.9007 0.3719 -0.2243 0.672331 0.403343 -0.19214 0.12184 0.973775 0.413536 0.892356 -0.180801
117 -0.775458 0.497559 -1.4025 -0.4322 -0.2968 -0.8515 0.491069 0.833696 0.898578 -0.0623371 -0.434363 -0.0198053 -0.940927 0.33803
118 -0.751048 0.149059 -1.12301 -0.1091 -0.775 -0.6225 0.485748 0.745048 0.991966 -0.0445343 -0.11841 0.219993 -0.62952 0.74519
119 -1.06328 0.074521 -1.01561 -0.2312 -0.595 -0.7697 0.447322 0.723753 0.972227 -0.111726 -0.205652 0.0932417 -0.801088 0.59124
120 -0.180515 0.060946 -1.2339 -0.1316 -0.8494 -0.511 0.556413 0.728457 0.873349 0.144511 -0.465165 0.314313 -0.524661 0.791163
121 -0.751048 0.149059 -1.12301 -0.1091 -0.775 -0.6225 0.485748 0.745048 0.991966 -0.0445343 -0.11841 0.219993 -0.62952 0.74519
122 -0.775458 0.497559 -1.4025 -0.4322 -0.2968 -0.8515 0.491069 0.833696 0.898578 -0.0623371 -0.434363 -0.0198053 -0.940927 0.33803
123 0.067265 -0.072713 -0.783522 -0.2119 -0.9383 -0.2733 0.336809 0.16644 0.0582361 0.26703 -0.961927 0.965074 -0.156821 -0.209857
124 -0.321458 -0.060305 -0.702046 0.0107 -0.8069 -0.5905 0.33692 0.214084 0.101853 0.588349 -0.802167 0.988333 0.0982515 -0.116378
125 -0.751048 0.149059 -1.12301 -0.1091 -0.775 -0.6225 0.384519 0.273669 0.109418 0.61307 -0.782415 0.989251 -0.0233044 -0.14436
126 -0.321458 -0.060305 -0.702046 0.0107 -0.8069 -0.5905 0.512673 0.68941 0.997742 0.0477693 -0.0472129 0.0970847 -0.586972 0.803765
127 -0.359688 -0.219676 -0.596748 0.0168 -0.8465 -0.5321 0.506205 0.649023 0.999859 0.014196 0.0089826 0.110931 -0.527328 0.842389
128 -0.862364 -0.219203 -0.537108 -0.0435 -0.9704 -0.2373 0.448079 0.645712 0.994794 -0.0201682 -0.099887 0.172264 -0.24138 0.955019
129 0.172793 -0.188473 -0.53246 -0.2164 -0.916 -0.3377 0.559475 0.657971 0.97506 -0.220247 -0.0273638 0.313555 -0.392823 0.864507
130 -0.359688 -0.219676 -0.596748 0.0168 -0.8465 -0.5321 0.506205 0.649023 0.999859 0.014196 0.0089826 0.110931 -0.527328 0.842389
131 -0.321458 -0.060305 -0.702046 0.0107 -0.8069 -0.5905 0.512673 0.68941 0.990362 -0.0729951 0.117706 0.139443 -0.583619 0.799965
132 0.172793 -0.188473 -0.53246 -0.2164 -0.916 -0.3377 0.266533 0.353953 0.213118 0.293239 -0.931983 0.965096 -0.252975 0.0677695
133 -0.015789 -0.312706 -0.060242 -0.071 -0.993 -0.094 0.220811 0.364157 0.121158 0.0849567 -0.988991 0.994265 -0.0780176 0.0731499
134 -0.476225 -0.274043 -0.03739 -0.0403 -0.9986 -0.0329 0.215363 0.421461 0.118258 0.0279335 -0.99259 0.999007 -0.0408988 0.0176961
135 0.468949 -0.142859 -1.02681 -0.0769 -0.8426 -0.5329 0.619708 0.678892 0.823327 0.247754 -0.510638 0.362913 -0.521493 0.77223
136 0.548058 -0.284113 -0.657622 -0.0122 -0.9719 -0.235 0.60996 0.638881 0.763728 0.142635 -0.629584 0.378424 -0.222035 0.898608
137 0.172793 -0.188473 -0.53246 -0.2164 -0.916 -0.3377 0.559475 0.657971 0.775663 0.0487333 -0.629263 0.368565 -0.396967 0.840581
138 1.04202 -0.190494 -0.637866 0.483 -0.8672 -0.1206 0.278588 0.25076 0.353942 0.319399 -0.879039 0.852087 0.497261 -0.163341
139 0.548058 -0.284113 -0.657622 -0.0122 -0.9719 -0.235 0.288525 0.304379 0.173518 0.229396 -0.957741 0.999926 -0.0117694 -0.00323475
140 0.468949 -0.142859 -1.02681 -0.0769 -0.8426 -0.5329 0.320949 0.326253 0.297115 0.490855 -0.819014 0.947286 0.105013 -0.30269
141 1.04202 -0.190494 -0.637866 0.483 -0.8672 -0.1206 0.278588 0.25076 -0.0340675 0.118995 -0.99231 0.855397 0.49678 -0.146651
142 1.04541 -0.157597 -0.147996 0.5862 -0.8084 0.0528 0.218381 0.247447 0.0463961 -0.0315697 -0.998424 0.798823 0.565895 -0.204068
143 0.480423 -0.312115 -0.11106 0.1223 -0.9924 0.015 0.226456 0.305261 0.0822772 -0.00492395 -0.996597 0.990349 0.121028 -0.06753
144 0.480423 -0.312115 -0.11106 0.1223 -0.9924 0.015 0.226456 0.305261 0.0822772 -0.00492395 -0.996597 0.990349 0.121028 -0.06753
145 0.383454 -0.298149 0.53317 0.1222 -0.9814 0.1481 0.149628 0.311253 -0.000588351 -0.149289 -0.988793 0.991283 0.11328 -0.0672675
146 -0.106274 -0.274351 0.595963 -0.0559 -0.9878 0.1455 0.140662 0.370751 0.0249733 -0.147064 -0.988812 0.998197 -0.0520972 0.0298119
147 1.04541 -0.157597 -0.147996 0.5862 -0.8084 0.0528 0.218381 0.247447 0.0463961 -0.0315697 -0.998424 0.798823 0.565895 -0.204068
148 1.00887 -0.126459 0.470257 0.4533 -0.8785 0.1509 0.143231 0.247517 0.0170704 -0.160704 -0.986855 0.885184 0.42377 -0.192012
149 0.383454 -0.298149 0.53317 0.1222 -0.9814 0.1481 0.149628 0.311253 -0.000588351 -0.149289 -0.988793 0.991283 0.11328 -0.0672675
150 1.00887 -0.126459 0.470257 0.4533 -0.8785 0.1509 0.143231 0.247517 0.0170704 -0.160704 -0.986855 0.885184 0.42377 -0.192012
151 0.736314 -0.076033 1.06676 0.3021 -0.8881 0.3465 0.069266 0.277265 -0.0661296 -0.382124 -0.921742 0.952164 0.263551 -0.154674
152 0.243586 -0.141476 1.19107 0.0805 -0.8493 0.5216 0.060049 0.331018 0.0325085 -0.52077 -0.853078 0.996694 0.0629181 -0.051405
153 0.808457 1.34641 0.902078 0.3785 0.8849 0.2715 0.854473 0.650704 0.848884 -0.214936 -0.482906 -0.256252 0.382023 -0.887915
154 0.342781 1.37089 0.863692 -0.0117 0.9902 0.1393 0.808347 0.638881 0.99264 0.0282942 -0.117748 -0.414739 0.121948 -0.901732
155 -0.065279 1.10293 1.79604 -0.0864 0.1465 0.9854 0.720806 0.748841 0.996251 0.0173277 0.0847527 -0.601469 0.780839 -0.168894
156 0.611501 1.35234 -0.29078 0.1047 0.9945 -0.006 0.116225 0.85032 -0.724442 0.072133 -0.685551 -0.66726 0.0747196 0.741068
157 0.342781 1.37089 0.863692 -0.0117 0.9902 0.1393 0.04602 0.722872 -0.734968 0.0859431 -0.672634 -0.659095 -0.112401 0.743612
158 0.808457 1.34641 0.902078 0.3785 0.8849 0.2715 0 0.758673 -0.884962 0.43192 -0.174034 -0.393721 -0.111547 0.912437
159 0.611501 1.35234 -0.29078 0.1047 0.9945 -0.006 0.116225 0.85032 -0.724442 0.072133 -0.685551 -0.66726 0.0747196 0.741068
160 0.046107 1.35157 -0.25373 -0.0273 0.9981 -0.0548 0.165692 0.800604 -0.753492 -0.0565729 -0.655018 -0.664551 0.0228308 0.746894
161 -0.19801 1.36038 0.630818 -0.0467 0.9964 0.0705 0.115533 0.700054 -0.71824 0.0155577 -0.695621 -0.652876 -0.0838641 0.752808
162 0.801564 1.33331 -0.716665 0.1783 0.9707 -0.1613 0.133867 0.905328 -0.73751 0.0233163 -0.674934 -0.658484 0.239512 0.713465
163 0.611501 1.35234 -0.29078 0.1047 0.9945 -0.006 0.116225 0.85032 -0.724442 0.072133 -0.685551 -0.66726 0.0747196 0.741068
164 0.975431 1.24656 0.047895 0.5967 0.7991 0.0731 0.056221 0.854116 -0.523424 0.456639 -0.71938 -0.549611 0.340607 0.762833
165 0.770454 1.12219 -1.2997 0.2874 0.7995 -0.5274 0.187902 0.964809 -0.772669 -0.131868 -0.620962 -0.59266 0.581019 0.557826
166 0.801564 1.33331 -0.716665 0.1783 0.9707 -0.1613 0.133867 0.905328 -0.73751 0.0233163 -0.674934 -0.658484 0.239512 0.713465
167 1.23195 1.21687 -0.594471 0.6381 0.769 0.0386 0.085645 0.934655 -0.493055 0.446618 -0.746612 -0.580291 0.447357 0.68054
168 0.105258 1.12682 -1.58507 0.2265 0.7973 -0.5594 0.273048 0.935877 -0.785387 -0.190176 -0.589067 -0.614608 0.562557 0.55298
169 0.062998 1.2763 -0.994314 0.0073 0.9872 -0.1591 0.226136 0.872367 -0.757676 -0.0983739 -0.645174 -0.668955 0.123085 0.733041
170 0.801564 1.33331 -0.716665 0.1783 0.9707 -0.1613 0.133867 0.905328 -0.73751 0.0233163 -0.674934 -0.658484 0.239512 0.713465
171 0.062998 1.2763 -0.994314 0.0073 0.9872 -0.1591 0.226136 0.872367 -0.757676 -0.0983739 -0.645174 -0.668955 0.123085 0.733041
172 -0.544178 1.29005 -0.889409 -0.0443 0.9915 -0.1219 0.273683 0.812443 -0.74706 -0.11389 -0.654928 -0.667108 0.0614697 0.74242
173 -0.603343 1.34358 -0.011276 -0.0434 0.9988 -0.0211 0.206193 0.725698 -0.750941 -0.0465457 -0.658727 -0.661576 -0.0129077 0.749767
174 -0.174992 1.14717 -1.80116 0.1669 0.3982 -0.9019 0.316518 0.931571 -0.908708 -0.292805 -0.297515 -0.799606 0.589865 0.112649
175 -0.544178 1.29005 -0.889409 -0.0443 0.9915 -0.1219 0.273683 0.812443 -0.761428 -0.112509 -0.638411 -0.667494 0.0614169 0.742078
176 0.062998 1.2763 -0.994314 0.0073 0.9872 -0.1591 0.226136 0.872367 -0.757676 -0.0983739 -0.645174 -0.668955 0.123085 0.733041
177 -0.174992 1.14717 -1.80116 0.1669 0.3982 -0.9019 0.316518 0.931571 -0.932674 -0.232853 -0.275495 -0.826227 0.555669 0.0926399
178 -0.681862 1.18046 -1.48157 -0.301 0.8199 -0.4868 0.336809 0.859574 -0.691579 -0.539138 -0.480676 -0.704156 0.153123 0.693339
179 -1.35602 1.24504 -0.716849 -0.4584 0.8627 -0.2136 0.335575 0.732159 -0.629726 -0.484879 -0.606908 -0.593673 -0.118379 0.795951
180 1.00887 -0.126459 0.470257 0.4533 -0.8785 0.1509 0.340137 0.389803 0.885197 0.42379 -0.191906 -0.274627 0.0234099 0.961266
181 1.34767 0.189763 0.746821 0.9216 -0.3604 0.1438 0.422948 0.345937 0.377248 0.919013 -0.11445 -0.13561 0.0480854 0.989595
182 1.01459 0.183491 1.31295 0.4499 -0.5911 0.6694 0.404599 0.286759 0.854361 0.503182 -0.129901 -0.611947 0.341848 0.713205
183 1.04541 -0.157597 -0.147996 0.5862 -0.8084 0.0528 0.339988 0.463701 0.805821 0.57516 -0.140864 -0.00129324 0.0642386 0.997934
184 1.2689 0.241091 -0.063884 0.9912 -0.1319 -0.0064 0.43984 0.446122 0.131349 0.989764 -0.055811 0.0115467 0.0382668 0.999201
185 1.34767 0.189763 0.746821 0.9216 -0.3604 0.1438 0.422948 0.345937 0.377248 0.919013 -0.11445 -0.13561 0.0480854 0.989595
186 1.2689 0.241091 -0.063884 0.9912 -0.1319 -0.0064 0.43984 0.446122 0.131349 0.989764 -0.055811 0.0115467 0.0382668 0.999201
187 1.17518 0.692469 0.169032 0.9634 0.2672 -0.0184 0.539575 0.419263 -0.266504 0.963237 0.0339297 0.0165232 0.00930774 0.99982
188 1.26746 0.63073 1.00836 0.9593 0.2226 0.1738 0.520455 0.315266 -0.227873 0.973632 0.0107453 -0.181703 0.0153637 0.983233
189 1.32379 0.127379 -0.85606 0.9199 -0.2912 -0.2625 0.422729 0.540793 0.276815 0.956596 -0.0910954 0.266082 -0.0279743 0.963544
190 1.2689 0.241091 -0.063884 0.9912 -0.1319 -0.0064 0.43984 0.446122 0.131349 0.989764 -0.055811 0.0115467 0.0382668 0.999201
191 1.04541 -0.157597 -0.147996 0.5862 -0.8084 0.0528 0.339988 0.463701 0.805821 0.57516 -0.140864 -0.00129324 0.0642386 0.997934
192 1.08127 0.175115 -1.28756 0.4217 -0.2476 -0.8722 0.429528 0.599675 0.644844 0.758199 0.0964879 0.860386 -0.194186 0.471199
193 1.32379 0.127379 -0.85606 0.9199 -0.2912 -0.2625 0.422729 0.540793 0.276815 0.956596 -0.0910954 0.266082 -0.0279743 0.963544
194 1.04202 -0.190494 -0.637866 0.483 -0.8672 -0.1206 0.336833 0.523182 0.841075 0.49788 -0.211443 0.451318 0.128532 0.883058
195 1.08127 0.175115 -1.28756 0.4217 -0.2476 -0.8722 0.429528 0.599675 0.304581 0.944778 -0.120936 0.811215 -0.326479 0.485121
196 1.20036 0.538245 -1.22169 0.7199 -0.329 -0.6111 0.51765 0.587329 0.348578 0.932797 -0.091557 0.599022 -0.150114 0.786536
197 1.26711 0.600208 -0.689727 0.9854 -0.1624 0.0501 0.529375 0.520895 0.16664 0.981286 -0.0964779 -0.0425865 0.0493472 0.997873
198 1.26711 0.600208 -0.689727 0.9854 -0.1624 0.0501 0.529375 0.520895 0.168506 0.97236 -0.161621 -0.0442352 0.0397998 0.998228
199 1.42354 0.897206 -0.707035 0.9933 0.0353 0.1095 0.604166 0.517761 -0.0102425 0.975255 -0.220847 -0.112899 0.11394 0.987052
200 1.05091 1.0685 0.197512 0.9405 0.3383 0.0304 0.622627 0.41822 -0.338523 0.940955 0.00246451 -0.0476754 0.0428677 0.997943
201 1.20036 0.538245 -1.22169 0.7199 -0.329 -0.6111 0.51765 0.587329 0.348578 0.932797 -0.091557 0.599022 -0.150114 0.786536
202 1.38583 0.807576 -1.18181 0.8733 -0.027 -0.4864 0.586459 0.576539 0.0192699 0.999596 -0.0208912 0.485599 -0.0315141 0.873614
203 1.42354 0.897206 -0.707035 0.9933 0.0353 0.1095 0.604166 0.517761 -0.00524287 0.964858 -0.262718 -0.110902 0.0406986 0.992998
204 1.38583 0.807576 -1.18181 0.8733 -0.027 -0.4864 0.586459 0.576539 0.0192699 0.999596 -0.0208912 0.485599 -0.0315141 0.873614
205 1.30375 1.08375 -1.02354 0.6959 0.6588 -0.2857 0.646477 0.558891 -0.634138 0.750537 0.185911 0.124531 0.28108 0.951571
206 1.23195 1.21687 -0.594471 0.6381 0.769 0.0386 0.670954 0.508587 -0.769938 0.636811 0.040833 -0.0470156 -0.0111259 0.998832
207 -0.537873 -0.057997 1.15438 -0.2335 -0.8198 0.5228 0.058285 0.430133 -0.189223 -0.489097 -0.851457 0.972354 -0.196551 0.126075
208 -0.706694 0.190636 1.34694 -0.3263 -0.4738 0.818 0.016271 0.463701 -0.339463 -0.748883 -0.569157 0.929144 -0.319913 0.185331
209 -1.57134 0.110279 0.770709 -0.7358 -0.5525 0.3915 0.090851 0.568141 -0.0585348 -0.524129 -0.849625 0.677083 -0.610583 0.410788
210 -0.154563 -0.1145 1.22899 -0.0862 -0.8494 0.5206 0.053708 0.37999 -0.166649 -0.502903 -0.848126 0.996277 -0.0740398 0.0441595
211 -0.13512 0.156677 1.50502 -0.0736 -0.1842 0.9801 0 0.391551 -0.379294 -0.903761 -0.198374 0.993282 -0.101539 0.0555071
212 -0.706694 0.190636 1.34694 -0.3263 -0.4738 0.818 0.016271 0.463701 -0.339463 -0.748883 -0.569157 0.929144 -0.319913 0.185331
213 -0.13512 0.156677 1.50502 -0.0736 -0.1842 0.9801 0.78606 0.929843 0.993841 0.0680854 0.0874278 0.292085 0.935723 0.197759
214 0.260077 0.45264 1.36545 -0.1891 -0.1869 0.964 0.818683 0.862527 0.977985 0.0523707 0.201995 -0.031129 0.982369 0.184341
215 -1.04357 0.402928 1.28959 -0.4341 -0.3292 0.8386 0.694133 0.856296 0.898444 -0.0900004 0.429766 -0.193179 0.943189 0.270326
216 0.494274 0.153436 1.39946 0.1493 -0.4769 0.8662 0.012308 0.317016 -0.290533 -0.858499 -0.422576 0.987747 0.112196 -0.10848
217 -0.13512 0.156677 1.50502 -0.0736 -0.1842 0.9801 0 0.391551 -0.379294 -0.903761 -0.198374 0.993282 -0.101539 0.0555071
218 -0.154563 -0.1145 1.22899 -0.0862 -0.8494 0.5206 0.053708 0.37999 -0.166649 -0.502903 -0.848126 0.996277 -0.0740398 0.0441595
219 1.01459 0.183491 1.31295 0.4499 -0.5911 0.6694 0.019832 0.257403 -0.236081 -0.801636 -0.549222 0.892083 0.332876 -0.305584
220 0.494274 0.153436 1.39946 0.1493 -0.4769 0.8662 0.012308 0.317016 -0.290533 -0.858499 -0.422576 0.987747 0.112196 -0.10848
221 0.243586 -0.141476 1.19107 0.0805 -0.8493 0.5216 0.060049 0.331018 -0.370088 -0.511434 -0.775545 0.996703 0.0633535 -0.0506912
222 1.15527 0.478039 1.38159 0.6485 -0.0321 0.7605 0.907061 0.866441 0.758885 -0.0508108 -0.64924 0.339914 0.906175 -0.251606
223 0.667029 0.439932 1.44868 0.1267 -0.0326 0.9914 0.855242 0.87408 0.991774 0.0224823 -0.126008 0.364685 0.930993 -0.0159958
224 0.494274 0.153436 1.39946 0.1493 -0.4769 0.8662 0.857058 0.929867 0.985248 -0.00235585 -0.171117 0.586987 0.747693 0.310486
225 0.667029 0.439932 1.44868 0.1267 -0.0326 0.9914 0.855242 0.87408 0.991774 0.0224823 -0.126008 0.364685 0.930993 -0.0159958
226 0.524189 0.69141 1.41045 0.1147 -0.2422 0.9634 0.829103 0.817389 0.993086 0.00359157 -0.117332 0.493917 0.855359 0.156224
227 -0.06687 0.65206 1.60219 -0.0063 -0.5229 0.8524 0.758736 0.83199 0.999414 -0.0319653 -0.0122169 0.513998 0.729461 0.451323
228 1.15527 0.478039 1.38159 0.6485 -0.0321 0.7605 0.907061 0.866441 0.758885 -0.0508108 -0.64924 0.339914 0.906175 -0.251606
229 0.936321 0.677546 1.42649 0.3206 0.1589 0.9338 0.870663 0.825108 0.947214 -0.0557786 -0.315713 0.305178 0.915935 -0.260635
230 0.524189 0.69141 1.41045 0.1147 -0.2422 0.9634 0.829103 0.817389 0.993086 0.00359157 -0.117332 0.493917 0.855359 0.156224
231 0.936321 0.677546 1.42649 0.3206 0.1589 0.9338 0.870663 0.825108 0.947214 -0.0557786 -0.315713 0.305178 0.915935 -0.260635
232 0.444005 1.03271 1.51382 0.4712 0.5796 0.6648 0.794976 0.75103 0.851439 -0.102183 -0.514403 -0.00781513 0.756469 -0.653983
233 -0.065279 1.10293 1.79604 -0.0864 0.1465 0.9854 0.720806 0.748841 0.995533 -0.0251991 0.0909926 0.0441071 0.988717 -0.143157
234 -1.34644 -0.078697 -0.808084 -0.4672 -0.7146 -0.5206 0.408067 0.681919 0.876295 -0.295925 -0.380177 0.234313 -0.667855 0.706447
235 -1.06328 0.074521 -1.01561 -0.2312 -0.595 -0.7697 0.447322 0.723753 0.972227 -0.111726 -0.205652 0.0932417 -0.801088 0.59124
236 -0.692441 -0.114299 -0.835835 0.23 -0.6944 -0.6818 0.481603 0.676941 0.961125 0.0521038 0.271154 -0.150234 -0.71756 0.680101
237 -1.54844 -0.153801 -0.255587 -0.7394 -0.6547 -0.1565 0.232244 0.559494 0.108153 0.113947 -0.987582 0.657701 -0.752206 0.0401945
238 -1.34644 -0.078697 -0.808084 -0.4672 -0.7146 -0.5206 0.291247 0.54547 0.327479 0.407066 -0.852675 0.858924 -0.506502 -0.0755351
239 -0.862364 -0.219203 -0.537108 -0.0435 -0.9704 -0.2373 0.270084 0.476118 0.169705 0.226902 -0.959018 0.984189 -0.0824654 0.156754
240 -1.64888 0.429819 -0.064031 -0.9992 0.0001 0.0399 0.758928 0.511854 0.0399003 0.0030748 0.999199 0.00585066 0.989553 0.14405
241 -1.7599 0.319614 -0.724614 -0.899 -0.3404 -0.2756 0.677773 0.540222 -0.195392 -0.251495 0.947931 -0.368565 0.927905 0.0561361
242 -1.34644 -0.078697 -0.808084 -0.4672 -0.7146 -0.5206 0.685316 0.611284 0.146418 -0.643206 0.751564 -0.862709 0.497342 0.0915711
243 -1.15573 -0.217847 0.459469 -0.2767 -0.9377 0.2098 0.152906 0.501317 -0.0289098 -0.21012 -0.977248 0.942415 -0.222204 0.249959
244 -1.55038 0.033513 0.487642 -0.7913 -0.5919 0.1529 0.130148 0.56376 -0.025437 -0.218017 -0.975614 0.600855 -0.706692 0.373575
245 -1.54844 -0.153801 -0.255587 -0.7394 -0.6547 -0.1565 0.232244 0.559494 0.217731 -0.0126982 -0.975926 0.61051 -0.750135 0.254115
246 -1.05209 -0.0646 0.954513 -0.3418 -0.6257 0.7012 0.082613 0.493339 -0.263757 -0.652278 -0.71061 0.936154 -0.292114 0.195667
247 -1.57134 0.110279 0.770709 -0.7358 -0.5525 0.3915 0.090851 0.568141 -0.0585348 -0.524129 -0.849625 0.677083 -0.610583 0.410788
248 -1.55038 0.033513 0.487642 -0.7913 -0.5919 0.1529 0.130148 0.56376 -0.0262956 -0.216925 -0.975834 0.604822 -0.721238 0.337647
249 -1.64806 0.452009 0.853586 -0.9136 0.0898 0.3966 0.869574 0.509078 0.39011 -0.0816358 0.917142 0.129477 0.98879 0.0743667
250 -1.64648 0.462612 0.459024 -0.9937 0.1071 0.0343 0.821728 0.505625 0.0346415 0.0013657 0.999399 0.110305 0.987582 0.111872
251 -1.55038 0.033513 0.487642 -0.7913 -0.5919 0.1529 0.834672 0.598424 0.111035 0.106765 0.988065 -0.548445 0.7979 0.250127
252 -1.43432 1.0171 0.746778 -0.8247 0.505 0.2546 0.853441 0.371158 0.251038 -0.0765187 0.964948 0.52121 0.853417 -0.00445815
253 -1.48305 1.06852 0.04533 -0.8189 0.5649 0.1013 0.766456 0.36 0.125903 0.00461574 0.992032 0.568907 0.82229 0.0135517
254 -1.64888 0.429819 -0.064031 -0.9992 0.0001 0.0399 0.758928 0.511854 0.0399003 0.0030748 0.999199 0.00585066 0.989553 0.14405
255 -1.28159 0.883991 1.21808 -0.6468 0.2888 0.7058 0.916733 0.395483 0.697072 -0.151506 0.700811 0.490836 0.86601 0.0954284
256 -1.43432 1.0171 0.746778 -0.8247 0.505 0.2546 0.853441 0.371158 0.251038 -0.0765187 0.964948 0.52121 0.853417 -0.00445815
257 -1.64648 0.462612 0.459024 -0.9937 0.1071 0.0343 0.821728 0.505625 0.0346415 0.0013657 0.999399 0.110305 0.987582 0.111872
258 -1.28159 0.883991 1.21808 -0.6468 0.2888 0.7058 0.916733 0.395483 0.697072 -0.151506 0.700811 0.490836 0.86601 0.0954284
259 -1.01978 1.17495 1.10596 -0.3392 0.8184 0.4639 0.905653 0.317398 0.708709 -0.101966 0.698093 0.8635 0.466517 -0.19165
260 -1.17643 1.28123 0.64638 -0.424 0.8907 0.1639 0.844101 0.299353 0.262268 -0.0524612 0.963568 0.886619 0.445152 -0.12548
261 -0.174992 1.14717 -1.80116 0.1669 0.3982 -0.9019 0.563922 0.999909 0.963279 -0.261026 0.0629197 0.0195495 -0.916011 -0.400676
262 -0.263198 0.91678 -1.71677 -0.2181 -0.1817 -0.9588 0.554998 0.942537 0.975623 -0.0163988 -0.218839 -0.0951702 -0.973869 0.206209
263 -0.974527 0.926074 -1.43144 -0.5491 0.0864 -0.8313 0.460672 0.936465 0.83021 -0.0580898 -0.554417 -0.207296 -0.977641 0.0353137
264 0.105258 1.12682 -1.58507 0.2265 0.7973 -0.5594 0.582099 0.992618 0.964223 -0.264773 0.0129945 -0.398122 -0.448419 -0.800262
265 0.153226 0.839249 -1.83223 0.1508 0.0222 -0.9883 0.608937 0.927838 0.987613 -0.047255 0.149622 -0.294848 -0.953234 -0.0664037
266 -0.263198 0.91678 -1.71677 -0.2181 -0.1817 -0.9588 0.554998 0.942537 0.975922 -0.0430348 -0.213831 -0.436371 -0.860706 0.262233
267 0.153226 0.839249 -1.83223 0.1508 0.0222 -0.9883 0.608937 0.927838 0.987613 -0.047255 0.149622 -0.294848 -0.953234 -0.0664037
268 -0.199824 0.33682 -1.53642 -0.117 -0.5871 -0.801 0.565426 0.800031 0.992847 -0.0884775 -0.0801687 0.0721556 -0.809445 0.582746
269 -0.775458 0.497559 -1.4025 -0.4322 -0.2968 -0.8515 0.491069 0.833696 0.898578 -0.0623371 -0.434363 -0.0198053 -0.940927 0.33803
270 0.770454 1.12219 -1.2997 0.2874 0.7995 -0.5274 0.187902 0.964809 -0.772669 -0.131868 -0.620962 -0.59266 0.581019 0.557826
271 0.802037 0.850318 -1.52859 0.4269 0.1494 -0.8918 0.207942 1 -0.846766 -0.280053 -0.45228 -0.34151 0.939859 -0.00594572
272 0.153226 0.839249 -1.83223 0.1508 0.0222 -0.9883 0.293309 0.974754 -0.942766 -0.297534 -0.150551 -0.502985 0.86239 -0.0573592
273 1.30375 1.08375 -1.02354 0.6959 0.6588 -0.2857 0.646477 0.558891 -0.653695 0.745899 0.127743 0.653797 -0.416643 0.631631
274 1.38583 0.807576 -1.18181 0.8733 -0.027 -0.4864 0.586459 0.576539 0.0192699 0.999596 -0.0208912 0.485599 -0.0315141 0.873614
275 0.802037 0.850318 -1.52859 0.4269 0.1494 -0.8918 0.579472 0.634736 -0.560764 0.817476 -0.131442 0.903906 -0.0989415 0.416131
276 1.38583 0.807576 -1.18181 0.8733 -0.027 -0.4864 0.586459 0.576539 0.0192699 0.999596 -0.0208912 0.485599 -0.0315141 0.873614
277 1.20036 0.538245 -1.22169 0.7199 -0.329 -0.6111 0.51765 0.587329 0.348578 0.932797 -0.091557 0.599022 -0.150114 0.786536
278 0.556317 0.449266 -1.4965 0.2259 -0.4303 -0.8739 0.477201 0.638881 0.283514 0.887364 -0.3636 0.931369 -0.16751 0.323251
279 0.556317 0.449266 -1.4965 0.2259 -0.4303 -0.8739 0.642437 0.830035 0.971956 0.0393777 0.231843 0.264371 -0.836375 0.480192
280 0.512712 0.114694 -1.19838 0.072 -0.5648 -0.8221 0.628288 0.744097 0.995073 -0.0156512 0.0979015 0.0841968 -0.817841 0.569251
281 -0.180515 0.060946 -1.2339 -0.1316 -0.8494 -0.511 0.556413 0.728457 0.982527 -0.180207 0.0465435 0.237977 -0.527519 0.815531
282 1.20036 0.538245 -1.22169 0.7199 -0.329 -0.6111 0.693981 0.849803 0.690081 0.434114 0.57908 -0.452064 -0.890397 -0.0532025
283 1.08127 0.175115 -1.28756 0.4217 -0.2476 -0.8722 0.693822 0.7629 0.9065 0.13826 0.398926 -0.424301 -0.904058 0.0514594
284 0.512712 0.114694 -1.19838 0.072 -0.5648 -0.8221 0.628288 0.744097 0.995073 -0.0156512 0.0979015 0.0841968 -0.817841 0.569251
285 1.08127 0.175115 -1.28756 0.4217 -0.2476 -0.8722 0.693822 0.7629 0.90673 0.108311 0.407566 0.209731 -0.909249 0.359555
286 0.89693 -0.116701 -1.07806 0.2467 -0.8123 -0.5285 0.668575 0.688118 0.943056 0.326792 -0.0620635 0.194832 -0.492646 0.84814
287 0.468949 -0.142859 -1.02681 -0.0769 -0.8426 -0.5329 0.619708 0.678892 0.996244 -0.0435995 -0.0748193 0.153341 -0.538202 0.828749
288 -0.63092 -0.226328 0.592326 -0.0855 -0.9798 0.1806 0.137636 0.436589 0.00669444 -0.181828 -0.983308 0.995868 -0.0784804 0.0456888
289 -0.537873 -0.057997 1.15438 -0.2335 -0.8198 0.5228 0.058285 0.430133 -0.189223 -0.489097 -0.851457 0.972354 -0.196551 0.126075
290 -1.15573 -0.217847 0.459469 -0.2767 -0.9377 0.2098 0.152906 0.501317 -0.0445802 -0.205591 -0.977622 0.960515 -0.263263 0.090016
291 -0.677921 1.3297 0.698183 -0.0936 0.9867 0.1331 0.155028 0.655911 -0.759609 0.0156528 -0.650192 -0.630162 -0.162203 0.759332
292 -1.17643 1.28123 0.64638 -0.424 0.8907 0.1639 0.206316 0.621814 -0.641316 -0.167498 -0.748771 -0.551915 -0.397607 0.733006
293 -0.610285 1.14795 1.32788 -0.4606 0.7729 0.4365 0.099783 0.612345 -0.69943 -0.0132597 -0.714578 -0.466337 -0.629138 0.621865
294 1.11593 1.06789 0.980967 0.7524 0.571 0.3283 0.896175 0.717115 0.574972 -0.326182 -0.750342 -0.172811 0.65214 -0.738139
295 0.808457 1.34641 0.902078 0.3785 0.8849 0.2715 0.854473 0.650704 0.848884 -0.214936 -0.482906 -0.256252 0.382023 -0.887915
296 0.936321 0.677546 1.42649 0.3206 0.1589 0.9338 0.870663 0.825108 0.947214 -0.0557786 -0.315713 0.305178 0.915935 -0.260635
297 -0.944509 0.743625 1.39234 -0.3646 -0.0202 0.9309 0.94924 0.412295 0.924786 -0.124459 0.359555 0.594506 0.764434 0.249405
298 -0.610285 1.14795 1.32788 -0.4606 0.7729 0.4365 0.944083 0.305364 0.704672 0.019394 0.709268 0.813791 0.564037 -0.140022
299 -1.28159 0.883991 1.21808 -0.6468 0.2888 0.7058 0.916733 0.395483 0.697072 -0.151506 0.700811 0.490836 0.86601 0.0954284
300 -0.974527 0.926074 -1.43144 -0.5491 0.0864 -0.8313 0.460672 0.936465 0.83021 -0.0580898 -0.554417 -0.207296 -0.977641 0.0353137
301 -1.71944 0.916506 -0.699776 -0.9007 0.3719 -0.2243 0.336809 0.917995 0.28724 0.122535 -0.949989 -0.277307 -0.889942 -0.362084
302 -0.681862 1.18046 -1.48157 -0.301 0.8199 -0.4868 0.489191 1 0.709309 -0.148681 -0.689039 -0.549729 -0.566435 -0.613962
303 -0.751048 0.149059 -1.12301 -0.1091 -0.775 -0.6225 0.485748 0.745048 0.991966 -0.0445343 -0.11841 0.219993 -0.62952 0.74519
304 -0.321458 -0.060305 -0.702046 0.0107 -0.8069 -0.5905 0.512673 0.68941 0.995192 -0.048901 0.0848632 0.356381 -0.548696 0.756258
305 -1.06328 0.074521 -1.01561 -0.2312 -0.595 -0.7697 0.447322 0.723753 0.972227 -0.111726 -0.205652 0.0932417 -0.801088 0.59124
306 -0.862364 -0.219203 -0.537108 -0.0435 -0.9704 -0.2373 0.270084 0.476118 0.135347 0.229607 -0.963827 0.999037 -0.0436012 -0.0048193
307 -0.359688 -0.219676 -0.596748 0.0168 -0.8465 -0.5321 0.276846 0.416471 0.13777 0.529055 -0.837329 0.99981 0.0195039 0.000538072
308 -1.09463 -0.254018 -0.118459 -0.1221 -0.9916 -0.0412 0.223692 0.49759 0.1204 0.0264144 -0.992374 0.992513 -0.122131 -0.00161533
309 0.172793 -0.188473 -0.53246 -0.2164 -0.916 -0.3377 0.266533 0.353953 0.213118 0.293239 -0.931983 0.965096 -0.252975 0.0677695
310 0.548058 -0.284113 -0.657622 -0.0122 -0.9719 -0.235 0.288525 0.304379 0.173518 0.229396 -0.957741 0.999926 -0.0117694 -0.00323475
311 -0.015789 -0.312706 -0.060242 -0.071 -0.993 -0.094 0.220811 0.364157 0.121158 0.0849567 -0.988991 0.994265 -0.0780176 0.0731499
312 -0.106274 -0.274351 0.595963 -0.0559 -0.9878 0.1455 0.140662 0.370751 0.0249733 -0.147064 -0.988812 0.998197 -0.0520972 0.0298119
313 0.383454 -0.298149 0.53317 0.1222 -0.9814 0.1481 0.149628 0.311253 -0.000588351 -0.149289 -0.988793 0.991283 0.11328 -0.0672675
314 -0.154563 -0.1145 1.22899 -0.0862 -0.8494 0.5206 0.053708 0.37999 -0.166649 -0.502903 -0.848126 0.996277 -0.0740398 0.0441595
315 0.342781 1.37089 0.863692 -0.0117 0.9902 0.1393 0.04602 0.722872 -0.734968 0.0859431 -0.672634 -0.659095 -0.112401 0.743612
316 -0.19801 1.36038 0.630818 -0.0467 0.9964 0.0705 0.115533 0.700054 -0.71824 0.0155577 -0.695621 -0.652876 -0.0838641 0.752808
317 -0.065279 1.10293 1.79604 -0.0864 0.1465 0.9854 0.011393 0.616616 -0.970605 0.210622 -0.116468 -0.939629 -0.340724 -0.0316905
318 0.611501 1.35234 -0.29078 0.1047 0.9945 -0.006 0.116225 0.85032 -0.724442 0.072133 -0.685551 -0.66726 0.0747196 0.741068
319 0.801564 1.33331 -0.716665 0.1783 0.9707 -0.1613 0.133867 0.905328 -0.73751 0.0233163 -0.674934 -0.658484 0.239512 0.713465
320 0.046107 1.35157 -0.25373 -0.0273 0.9981 -0.0548 0.165692 0.800604 -0.753492 -0.0565729 -0.655018 -0.664551 0.0228308 0.746894
321 -0.603343 1.34358 -0.011276 -0.0434 0.9988 -0.0211 0.206193 0.725698 -0.750941 -0.0465457 -0.658727 -0.661576 -0.0129077 0.749767
322 -0.544178 1.29005 -0.889409 -0.0443 0.9915 -0.1219 0.273683 0.812443 -0.75999 -0.112651 -0.640098 -0.666778 0.0615149 0.742713
323 -1.17709 1.30324 0.009798 -0.3447 0.9384 0.0225 0.258354 0.67847 -0.708291 -0.244279 -0.662308 -0.598031 -0.238003 0.765319
324 1.01459 0.183491 1.31295 0.4499 -0.5911 0.6694 0.404599 0.286759 0.854361 0.503182 -0.129901 -0.611947 0.341848 0.713205
325 1.34767 0.189763 0.746821 0.9216 -0.3604 0.1438 0.422948 0.345937 0.377248 0.919013 -0.11445 -0.13561 0.0480854 0.989595
326 1.15527 0.478039 1.38159 0.6485 -0.0321 0.7605 0.477461 0.273669 0.176844 0.978128 -0.10951 -0.752949 0.119457 0.647146
327 1.2689 0.241091 -0.063884 0.9912 -0.1319 -0.0064 0.43984 0.446122 0.131349 0.989764 -0.055811 0.0115467 0.0382668 0.999201
328 1.32379 0.127379 -0.85606 0.9199 -0.2912 -0.2625 0.422729 0.540793 0.276815 0.956596 -0.0910954 0.266082 -0.0279743 0.963544
329 1.17518 0.692469 0.169032 0.9634 0.2672 -0.0184 0.539575 0.419263 -0.266825 0.96352 0.0208108 0.00160431 0.0629153 0.998018
330 1.05091 1.0685 0.197512 0.9405 0.3383 0.0304 0.731678 0.292817 0.286085 -0.837194 0.466113 0.109579 -0.217411 -0.96991
331 1.42354 0.897206 -0.707035 0.9933 0.0353 0.1095 0.744126 0.185515 -0.019446 -0.886341 0.462625 0.113349 -0.135488 -0.984274
332 0.975431 1.24656 0.047895 0.5967 0.7991 0.0731 0.683844 0.288036 0.685271 -0.554883 0.471709 0.340785 -0.169879 -0.924666
333 -1.57134 0.110279 0.770709 -0.7358 -0.5525 0.3915 0.090851 0.568141 -0.0585348 -0.524129 -0.849625 0.677083 -0.610583 0.410788
334 -0.706694 0.190636 1.34694 -0.3263 -0.4738 0.818 0.016271 0.463701 -0.339463 -0.748883 -0.569157 0.929144 -0.319913 0.185331
335 -1.64806 0.452009 0.853586 -0.9136 0.0898 0.3966 0.054401 0.597502 -0.35503 -0.651674 -0.67028 0.292946 -0.53102 0.795111
336 0.494274 0.153436 1.39946 0.1493 -0.4769 0.8662 0.857058 0.929867 0.985248 -0.00235585 -0.171117 0.586987 0.747693 0.310486
337 0.667029 0.439932 1.44868 0.1267 -0.0326 0.9914 0.855242 0.87408 0.991774 0.0224823 -0.126008 0.364685 0.930993 -0.0159958
338 -0.13512 0.156677 1.50502 -0.0736 -0.1842 0.9801 0.78606 0.929843 0.993841 0.0680854 0.0874278 0.292085 0.935723 0.197759
339 -0.06687 0.65206 1.60219 -0.0063 -0.5229 0.8524 0.758736 0.83199 0.999414 -0.0319653 -0.0122169 0.513998 0.729461 0.451323
340 0.524189 0.69141 1.41045 0.1147 -0.2422 0.9634 0.829103 0.817389 0.993086 0.00359157 -0.117332 0.493917 0.855359 0.156224
341 -0.344848 1.15238 1.73 -0.2177 0.4944 0.8415 0.693981 0.731774 0.96719 0.224991 0.117993 0.523443 0.78687 -0.326868
342 -1.34644 -0.078697 -0.808084 -0.4672 -0.7146 -0.5206 0.408067 0.681919 0.876295 -0.295925 -0.380177 0.234313 -0.667855 0.706447
343 -1.7599 0.319614 -0.724614 -0.899 -0.3404 -0.2756 0.348488 0.774452 0.387264 -0.323979 -0.863171 0.210853 -0.887891 0.408889
344 -1.06328 0.074521 -1.01561 -0.2312 -0.595 -0.7697 0.447322 0.723753 0.972227 -0.111726 -0.205652 0.0932417 -0.801088 0.59124
345 -1.55038 0.033513 0.487642 -0.7913 -0.5919 0.1529 0.834672 0.598424 0.14128 0.0662584 0.98775 -0.548203 0.797799 0.250978
346 -1.64648 0.462612 0.459024 -0.9937 0.1071 0.0343 0.821728 0.505625 0.0346415 0.0013657 0.999399 0.110305 0.987582 0.111872
347 -1.54844 -0.153801 -0.255587 -0.7394 -0.6547 -0.1565 0.747834 0.638881 -0.0935806 -0.130211 0.98706 -0.671729 0.732753 0.108877
348 -1.48305 1.06852 0.04533 -0.8189 0.5649 0.1013 0.766456 0.36 0.125903 0.00461574 0.992032 0.568907 0.82229 0.0135517
349 -1.43432 1.0171 0.746778 -0.8247 0.505 0.2546 0.853441 0.371158 0.251038 -0.0765187 0.964948 0.52121 0.853417 -0.00445815
350 -1.17709 1.30324 0.009798 -0.3447 0.9384 0.0225 0.766741 0.292817 0.0776436 0.00461535 0.996971 0.933721 0.345283 -0.0945733
351 -0.974527 0.926074 -1.43144 -0.5491 0.0864 -0.8313 0.460672 0.936465 0.83021 -0.0580898 -0.554417 -0.207296 -0.977641 0.0353137
352 -0.263198 0.91678 -1.71677 -0.2181 -0.1817 -0.9588 0.554998 0.942537 0.975645 -0.0173148 -0.218669 -0.0293167 -0.980844 0.192578
353 -1.18573 0.481559 -1.13355 -0.4795 -0.3319 -0.8123 0.431026 0.823249 0.869513 -0.0548691 -0.490853 -0.00323944 -0.925034 0.379871
354 0.153226 0.839249 -1.83223 0.1508 0.0222 -0.9883 0.608937 0.927838 0.988299 0.0197039 0.151251 0.48313 -0.873874 0.0541174
355 0.802037 0.850318 -1.52859 0.4269 0.1494 -0.8918 0.661203 0.928364 0.901181 0.0113623 0.433293 0.668778 -0.715968 0.200316
356 -0.199824 0.33682 -1.53642 -0.117 -0.5871 -0.801 0.565426 0.800031 0.992847 -0.0884775 -0.0801687 0.0721556 -0.809445 0.582746
357 0.512712 0.114694 -1.19838 0.072 -0.5648 -0.8221 0.628288 0.744097 0.995073 -0.0156512 0.0979015 0.0841968 -0.817841 0.569251
358 0.468949 -0.142859 -1.02681 -0.0769 -0.8426 -0.5329 0.619708 0.678892 0.991904 -0.11883 0.0447836 0.166721 -0.537904 0.826356
359 -0.180515 0.060946 -1.2339 -0.1316 -0.8494 -0.511 0.556413 0.728457 0.982527 -0.180207 0.0465435 0.237977 -0.527519 0.815531
360 -0.476225 -0.274043 -0.03739 -0.0403 -0.9986 -0.0329 0.215363 0.421461 0.118258 0.0279335 -0.99259 0.999007 -0.0408988 0.0176961
361 -0.63092 -0.226328 0.592326 -0.0855 -0.9798 0.1806 0.137636 0.436589 0.00669444 -0.181828 -0.983308 0.995868 -0.0784804 0.0456888
362 -1.09463 -0.254018 -0.118459 -0.1221 -0.9916 -0.0412 0.223692 0.49759 0.061854 0.0338165 -0.997512 0.992254 -0.122918 0.0179982
363 -0.476225 -0.274043 -0.03739 -0.0403 -0.9986 -0.0329 0.215363 0.421461 0.118258 0.0279335 -0.99259 0.999007 -0.0408988 0.0176961
364 -0.015789 -0.312706 -0.060242 -0.071 -0.993 -0.094 0.220811 0.364157 0.121158 0.0849567 -0.988991 0.994265 -0.0780176 0.0731499
365 -0.63092 -0.226328 0.592326 -0.0855 -0.9798 0.1806 0.137636 0.436589 0.00669444 -0.181828 -0.983308 0.995868 -0.0784804 0.0456888
366 -0.106274 -0.274351 0.595963 -0.0559 -0.9878 0.1455 0.140662 0.370751 0.0249733 -0.147064 -0.988812 0.998197 -0.0520972 0.0298119
367 -0.154563 -0.1145 1.22899 -0.0862 -0.8494 0.5206 0.053708 0.37999 -0.166649 -0.502903 -0.848126 0.996277 -0.0740398 0.0441595
368 -0.63092 -0.226328 0.592326 -0.0855 -0.9798 0.1806 0.137636 0.436589 0.00669444 -0.181828 -0.983308 0.995868 -0.0784804 0.0456888
369 -0.19801 1.36038 0.630818 -0.0467 0.9964 0.0705 0.115533 0.700054 -0.71824 0.0155577 -0.695621 -0.652876 -0.0838641 0.752808
370 -0.677921 1.3297 0.698183 -0.0936 0.9867 0.1331 0.155028 0.655911 -0.759609 0.0156528 -0.650192 -0.630162 -0.162203 0.759332
371 -0.344848 1.15238 1.73 -0.2177 0.4944 0.8415 0.042023 0.597502 -0.86674 0.298457 -0.399606 -0.660112 -0.709664 0.246227
372 -0.19801 1.36038 0.630818 -0.0467 0.9964 0.0705 0.115533 0.700054 -0.71824 0.0155577 -0.695621 -0.652876 -0.0838641 0.752808
373 0.046107 1.35157 -0.25373 -0.0273 0.9981 -0.0548 0.165692 0.800604 -0.753492 -0.0565729 -0.655018 -0.664551 0.0228308 0.746894
374 -0.677921 1.3297 0.698183 -0.0936 0.9867 0.1331 0.155028 0.655911 -0.759609 0.0156528 -0.650192 -0.630162 -0.162203 0.759332
375 -0.677921 1.3297 0.698183 -0.0936 0.9867 0.1331 0.155028 0.655911 -0.759609 0.0156528 -0.650192 -0.630162 -0.162203 0.759332
376 -0.603343 1.34358 -0.011276 -0.0434 0.9988 -0.0211 0.206193 0.725698 -0.750941 -0.0465457 -0.658727 -0.661576 -0.0129077 0.749767
377 -1.17643 1.28123 0.64638 -0.424 0.8907 0.1639 0.206316 0.621814 -0.641316 -0.167498 -0.748771 -0.551915 -0.397607 0.733006
378 1.26746 0.63073 1.00836 0.9593 0.2226 0.1738 0.934356 0.812372 0.235941 -0.293515 -0.926381 -0.0552007 0.751331 -0.657613
379 1.11593 1.06789 0.980967 0.7524 0.571 0.3283 0.896175 0.717115 0.574972 -0.326182 -0.750342 -0.172811 0.65214 -0.738139
380 1.15527 0.478039 1.38159 0.6485 -0.0321 0.7605 0.907061 0.866441 0.758885 -0.0508108 -0.64924 0.339914 0.906175 -0.251606
381 1.17518 0.692469 0.169032 0.9634 0.2672 -0.0184 0.539575 0.419263 -0.266059 0.96268 0.0496041 0.0155583 0.0127815 0.999797
382 1.05091 1.0685 0.197512 0.9405 0.3383 0.0304 0.622627 0.41822 -0.338523 0.940955 0.00246451 -0.0476754 0.0428677 0.997943
383 1.26746 0.63073 1.00836 0.9593 0.2226 0.1738 0.520455 0.315266 -0.227873 0.973632 0.0107453 -0.181703 0.0153637 0.983233
384 1.05091 1.0685 0.197512 0.9405 0.3383 0.0304 0.622627 0.41822 -0.338523 0.940955 0.00246451 -0.0476754 0.0428677 0.997943
385 0.975431 1.24656 0.047895 0.5967 0.7991 0.0731 0.662917 0.437934 -0.80138 0.588755 0.10563 -0.107989 -0.0102965 0.994099
386 1.11593 1.06789 0.980967 0.7524 0.571 0.3283 0.617335 0.321574 -0.607367 0.794353 0.0104255 -0.27137 -0.185387 0.944452
387 -1.04357 0.402928 1.28959 -0.4341 -0.3292 0.8386 0.939564 0.493671 0.898444 -0.0900004 0.429766 -0.193179 0.943189 0.270326
388 -0.944509 0.743625 1.39234 -0.3646 -0.0202 0.9309 0.94924 0.412295 0.91864 -0.171167 0.356093 -0.131838 0.990814 -0.0301159
389 -1.64806 0.452009 0.853586 -0.9136 0.0898 0.3966 0.869574 0.509078 0.39011 -0.0816358 0.917142 0.129477 0.98879 0.0743667
390 -1.04357 0.402928 1.28959 -0.4341 -0.3292 0.8386 0.791426 0.288257 -0.369225 -0.784069 -0.498908 0.887026 -0.318733 0.334058
391 0.260077 0.45264 1.36545 -0.1891 -0.1869 0.964 0.791582 0.133782 -0.325606 -0.91424 -0.241135 0.980901 -0.0814746 0.176619
392 -0.944509 0.743625 1.39234 -0.3646 -0.0202 0.9309 0.752056 0.292817 -0.51875 -0.82582 -0.221179 0.928741 -0.0799956 0.361997
393 -0.06687 0.65206 1.60219 -0.0063 -0.5229 0.8524 1 0.393468 0.997844 -0.0589685 -0.0288145 -0.489331 0.744973 0.453398
394 -0.344848 1.15238 1.73 -0.2177 0.4944 0.8415 0.999879 0.293242 0.940929 -0.12279 0.315555 -0.449576 0.714522 -0.536041
395 -0.944509 0.743625 1.39234 -0.3646 -0.0202 0.9309 0.94924 0.412295 0.91864 -0.171167 0.356093 -0.131838 0.990814 -0.0301159
396 -1.18573 0.481559 -1.13355 -0.4795 -0.3319 -0.8123 0.431026 0.823249 0.869513 -0.0548691 -0.490853 -0.00323944 -0.925034 0.379871
397 -1.7599 0.319614 -0.724614 -0.899 -0.3404 -0.2756 0.348488 0.774452 0.387264 -0.323979 -0.863171 0.210853 -0.887891 0.408889
398 -0.974527 0.926074 -1.43144 -0.5491 0.0864 -0.8313 0.460672 0.936465 0.83021 -0.0580898 -0.554417 -0.207296 -0.977641 0.0353137
399 -1.64888 0.429819 -0.064031 -0.9992 0.0001 0.0399 0.758928 0.511854 0.0399003 0.0030748 0.999199 0.00585066 0.989553 0.14405
400 -1.48305 1.06852 0.04533 -0.8189 0.5649 0.1013 0.766456 0.36 0.125903 0.00461574 0.992032 0.568907 0.82229 0.0135517
401 -1.7599 0.319614 -0.724614 -0.899 -0.3404 -0.2756 0.677773 0.540222 -0.195392 -0.251495 0.947931 -0.368565 0.927905 0.0561361
402 -1.48305 1.06852 0.04533 -0.8189 0.5649 0.1013 0.766456 0.36 0.125903 0.00461574 0.992032 0.568907 0.82229 0.0135517
403 -1.17709 1.30324 0.009798 -0.3447 0.9384 0.0225 0.766741 0.292817 0.0776436 0.00461535 0.996971 0.933721 0.345283 -0.0945733
404 -1.71944 0.916506 -0.699776 -0.9007 0.3719 -0.2243 0.672331 0.403343 -0.199315 0.104818 0.974313 0.419594 0.878672 -0.227763
405 -1.18573 0.481559 -1.13355 -0.4795 -0.3319 -0.8123 0.431026 0.823249 0.869513 -0.0548691 -0.490853 -0.00323944 -0.925034 0.379871
406 -0.775458 0.497559 -1.4025 -0.4322 -0.2968 -0.8515 0.491069 0.833696 0.898578 -0.0623371 -0.434363 -0.0198053 -0.940927 0.33803
407 -1.06328 0.074521 -1.01561 -0.2312 -0.595 -0.7697 0.447322 0.723753 0.972227 -0.111726 -0.205652 0.0932417 -0.801088 0.59124
408 -0.199824 0.33682 -1.53642 -0.117 -0.5871 -0.801 0.565426 0.800031 0.992847 -0.0884775 -0.0801687 0.0721556 -0.809445 0.582746
409 -0.180515 0.060946 -1.2339 -0.1316 -0.8494 -0.511 0.556413 0.728457 0.873349 0.144511 -0.465165 0.314313 -0.524661 0.791163
410 -0.775458 0.497559 -1.4025 -0.4322 -0.2968 -0.8515 0.491069 0.833696 0.898578 -0.0623371 -0.434363 -0.0198053 -0.940927 0.33803
411 -0.180515 0.060946 -1.2339 -0.1316 -0.8494 -0.511 0.387737 0.198491 0.0383373 0.510732 -0.858885 0.990698 -0.0947224 -0.0977005
412 0.067265 -0.072713 -0.783522 -0.2119 -0.9383 -0.2733 0.336809 0.16644 0.0582361 0.26703 -0.961927 0.965074 -0.156821 -0.209857
413 -0.751048 0.149059 -1.12301 -0.1091 -0.775 -0.6225 0.384519 0.273669 0.109418 0.61307 -0.782415 0.989251 -0.0233044 -0.14436
414 -0.692441 -0.114299 -0.835835 0.23 -0.6944 -0.6818 0.481603 0.676941 0.931089 -0.0468098 0.361778 0.565951 -0.474488 0.674211
415 -0.321458 -0.060305 -0.702046 0.0107 -0.8069 -0.5905 0.512673 0.68941 0.839736 -0.313341 0.443465 0.517206 -0.500922 0.693956
416 -0.862364 -0.219203 -0.537108 -0.0435 -0.9704 -0.2373 0.448079 0.645712 0.776117 -0.182377 0.60364 0.457692 -0.230488 0.858716
417 0.067265 -0.072713 -0.783522 -0.2119 -0.9383 -0.2733 0.560004 0.689679 0.804504 -0.00870287 -0.593884 0.392068 -0.337778 0.855681
418 0.172793 -0.188473 -0.53246 -0.2164 -0.916 -0.3377 0.559475 0.657971 0.97506 -0.220247 -0.0273638 0.313555 -0.392823 0.864507
419 -0.321458 -0.060305 -0.702046 0.0107 -0.8069 -0.5905 0.512673 0.68941 0.989694 0.0928687 -0.108997 0.378208 -0.543412 0.749442
420 -0.359688 -0.219676 -0.596748 0.0168 -0.8465 -0.5321 0.276846 0.416471 0.13777 0.529055 -0.837329 0.99981 0.0195039 0.000538072
421 0.172793 -0.188473 -0.53246 -0.2164 -0.916 -0.3377 0.266533 0.353953 0.213118 0.293239 -0.931983 0.965096 -0.252975 0.0677695
422 -0.476225 -0.274043 -0.03739 -0.0403 -0.9986 -0.0329 0.215363 0.421461 0.118258 0.0279335 -0.99259 0.999007 -0.0408988 0.0176961
423 0.067265 -0.072713 -0.783522 -0.2119 -0.9383 -0.2733 0.560004 0.689679 0.804504 -0.00870287 -0.593884 0.392068 -0.337778 0.855681
424 0.468949 -0.142859 -1.02681 -0.0769 -0.8426 -0.5329 0.619708 0.678892 0.821639 0.249184 -0.512657 0.361658 -0.521674 0.772696
425 0.172793 -0.188473 -0.53246 -0.2164 -0.916 -0.3377 0.559475 0.657971 0.775663 0.0487333 -0.629263 0.368565 -0.396967 0.840581
426 0.89693 -0.116701 -1.07806 0.2467 -0.8123 -0.5285 0.324683 0.277107 0.0811779 0.560761 -0.823988 0.967563 0.237076 0.0872702
427 1.04202 -0.190494 -0.637866 0.483 -0.8672 -0.1206 0.278588 0.25076 0.153706 0.219582 -0.96341 0.874697 0.48423 0.0206426
428 0.468949 -0.142859 -1.02681 -0.0769 -0.8426 -0.5329 0.320949 0.326253 0.214917 0.5079 -0.834175 0.995548 -0.0356675 -0.0872428
429 0.548058 -0.284113 -0.657622 -0.0122 -0.9719 -0.235 0.288525 0.304379 0.173518 0.229396 -0.957741 0.999926 -0.0117694 -0.00323475
430 1.04202 -0.190494 -0.637866 0.483 -0.8672 -0.1206 0.278588 0.25076 0.0455157 0.162407 -0.985674 0.863747 0.49451 -0.0969624
431 0.480423 -0.312115 -0.11106 0.1223 -0.9924 0.015 0.226456 0.305261 0.0822772 -0.00492395 -0.996597 0.990349 0.121028 -0.06753
432 -0.015789 -0.312706 -0.060242 -0.071 -0.993 -0.094 0.220811 0.364157 0.121158 0.0849567 -0.988991 0.994265 -0.0780176 0.0731499
433 0.480423 -0.312115 -0.11106 0.1223 -0.9924 0.015 0.226456 0.305261 0.0822772 -0.00492395 -0.996597 0.990349 0.121028 -0.06753
434 -0.106274 -0.274351 0.595963 -0.0559 -0.9878 0.1455 0.140662 0.370751 0.0249733 -0.147064 -0.988812 0.998197 -0.0520972 0.0298119
435 0.480423 -0.312115 -0.11106 0.1223 -0.9924 0.015 0.226456 0.305261 0.0822772 -0.00492395 -0.996597 0.990349 0.121028 -0.06753
436 1.04541 -0.157597 -0.147996 0.5862 -0.8084 0.0528 0.218381 0.247447 0.0463961 -0.0315697 -0.998424 0.798823 0.565895 -0.204068
437 0.383454 -0.298149 0.53317 0.1222 -0.9814 0.1481 0.149628 0.311253 -0.000588351 -0.149289 -0.988793 0.991283 0.11328 -0.0672675
438 0.383454 -0.298149 0.53317 0.1222 -0.9814 0.1481 0.149628 0.311253 -0.000588351 -0.149289 -0.988793 0.991283 0.11328 -0.0672675
439 1.00887 -0.126459 0.470257 0.4533 -0.8785 0.1509 0.143231 0.247517 0.0170704 -0.160704 -0.986855 0.885184 0.42377 -0.192012
440 0.243586 -0.141476 1.19107 0.0805 -0.8493 0.5216 0.060049 0.331018 -0.062996 -0.526596 -0.847778 0.996642 0.0608408 -0.05481
441 0.444005 1.03271 1.51382 0.4712 0.5796 0.6648 0.794976 0.75103 0.851439 -0.102183 -0.514403 -0.00781513 0.756469 -0.653983
442 0.808457 1.34641 0.902078 0.3785 0.8849 0.2715 0.854473 0.650704 0.848884 -0.214936 -0.482906 -0.256252 0.382023 -0.887915
443 -0.065279 1.10293 1.79604 -0.0864 0.1465 0.9854 0.720806 0.748841 0.996251 0.0173277 0.0847527 -0.601469 0.780839 -0.168894
444 0.975431 1.24656 0.047895 0.5967 0.7991 0.0731 0.056221 0.854116 -0.523424 0.456639 -0.71938 -0.549611 0.340607 0.762833
445 0.611501 1.35234 -0.29078 0.1047 0.9945 -0.006 0.116225 0.85032 -0.724442 0.072133 -0.685551 -0.66726 0.0747196 0.741068
446 0.808457 1.34641 0.902078 0.3785 0.8849 0.2715 0 0.758673 -0.597307 0.457583 -0.658667 -0.738383 0.111778 0.665053
447 0.342781 1.37089 0.863692 -0.0117 0.9902 0.1393 0.04602 0.722872 -0.734968 0.0859431 -0.672634 -0.659095 -0.112401 0.743612
448 0.611501 1.35234 -0.29078 0.1047 0.9945 -0.006 0.116225 0.85032 -0.724442 0.072133 -0.685551 -0.66726 0.0747196 0.741068
449 -0.19801 1.36038 0.630818 -0.0467 0.9964 0.0705 0.115533 0.700054 -0.71824 0.0155577 -0.695621 -0.652876 -0.0838641 0.752808
450 1.23195 1.21687 -0.594471 0.6381 0.769 0.0386 0.085645 0.934655 -0.493055 0.446618 -0.746612 -0.580291 0.447357 0.68054
451 0.801564 1.33331 -0.716665 0.1783 0.9707 -0.1613 0.133867 0.905328 -0.73751 0.0233163 -0.674934 -0.658484 0.239512 0.713465
452 0.975431 1.24656 0.047895 0.5967 0.7991 0.0731 0.056221 0.854116 -0.523424 0.456639 -0.71938 -0.549611 0.340607 0.762833
453 1.30375 1.08375 -1.02354 0.6959 0.6588 -0.2857 0.116277 0.985227 -0.539796 0.217483 -0.813217 -0.39214 0.68192 0.617424
454 0.770454 1.12219 -1.2997 0.2874 0.7995 -0.5274 0.187902 0.964809 -0.772669 -0.131868 -0.620962 -0.59266 0.581019 0.557826
455 1.23195 1.21687 -0.594471 0.6381 0.769 0.0386 0.085645 0.934655 -0.493055 0.446618 -0.746612 -0.580291 0.447357 0.68054
456 0.770454 1.12219 -1.2997 0.2874 0.7995 -0.5274 0.187902 0.964809 -0.772669 -0.131868 -0.620962 -0.59266 0.581019 0.557826
457 0.105258 1.12682 -1.58507 0.2265 0.7973 -0.5594 0.273048 0.935877 -0.785387 -0.190176 -0.589067 -0.614608 0.562557 0.55298
458 0.801564 1.33331 -0.716665 0.1783 0.9707 -0.1613 0.133867 0.905328 -0.73751 0.0233163 -0.674934 -0.658484 0.239512 0.713465
459 0.046107 1.35157 -0.25373 -0.0273 0.9981 -0.0548 0.165692 0.800604 -0.753492 -0.0565729 -0.655018 -0.664551 0.0228308 0.746894
460 0.062998 1.2763 -0.994314 0.0073 0.9872 -0.1591 0.226136 0.872367 -0.757676 -0.0983739 -0.645174 -0.668955 0.123085 0.733041
461 -0.603343 1.34358 -0.011276 -0.0434 0.9988 -0.0211 0.206193 0.725698 -0.750941 -0.0465457 -0.658727 -0.661576 -0.0129077 0.749767
462 0.105258 1.12682 -1.58507 0.2265 0.7973 -0.5594 0.273048 0.935877 -0.785387 -0.190176 -0.589067 -0.614608 0.562557 0.55298
463 -0.174992 1.14717 -1.80116 0.1669 0.3982 -0.9019 0.316518 0.931571 -0.944273 -0.198579 -0.262517 -0.692029 0.698903 0.18064
464 0.062998 1.2763 -0.994314 0.0073 0.9872 -0.1591 0.226136 0.872367 -0.757676 -0.0983739 -0.645174 -0.668955 0.123085 0.733041
465 -0.544178 1.29005 -0.889409 -0.0443 0.9915 -0.1219 0.273683 0.812443 -0.778228 -0.110777 -0.618134 -0.667281 0.0614461 0.742267
466 -0.174992 1.14717 -1.80116 0.1669 0.3982 -0.9019 0.316518 0.931571 -0.88118 -0.350117 -0.31771 -0.81713 0.567773 0.0996622
467 -1.35602 1.24504 -0.716849 -0.4584 0.8627 -0.2136 0.335575 0.732159 -0.629726 -0.484879 -0.606908 -0.593673 -0.118379 0.795951
468 0.736314 -0.076033 1.06676 0.3021 -0.8881 0.3465 0.336809 0.325091 0.952763 0.269283 -0.140459 -0.427338 0.198752 0.881975
469 1.00887 -0.126459 0.470257 0.4533 -0.8785 0.1509 0.340137 0.389803 0.885197 0.42379 -0.191906 -0.274627 0.0234099 0.961266
470 1.01459 0.183491 1.31295 0.4499 -0.5911 0.6694 0.404599 0.286759 0.854361 0.503182 -0.129901 -0.611947 0.341848 0.713205
471 1.00887 -0.126459 0.470257 0.4533 -0.8785 0.1509 0.340137 0.389803 0.885197 0.42379 -0.191906 -0.274627 0.0234099 0.961266
472 1.04541 -0.157597 -0.147996 0.5862 -0.8084 0.0528 0.339988 0.463701 0.805821 0.57516 -0.140864 -0.00129324 0.0642386 0.997934
473 1.34767 0.189763 0.746821 0.9216 -0.3604 0.1438 0.422948 0.345937 0.377248 0.919013 -0.11445 -0.13561 0.0480854 0.989595
474 1.34767 0.189763 0.746821 0.9216 -0.3604 0.1438 0.422948 0.345937 0.377248 0.919013 -0.11445 -0.13561 0.0480854 0.989595
475 1.2689 0.241091 -0.063884 0.9912 -0.1319 -0.0064 0.43984 0.446122 0.131349 0.989764 -0.055811 0.0115467 0.0382668 0.999201
476 1.26746 0.63073 1.00836 0.9593 0.2226 0.1738 0.520455 0.315266 -0.227873 0.973632 0.0107453 -0.181703 0.0153637 0.983233
477 1.04202 -0.190494 -0.637866 0.483 -0.8672 -0.1206 0.336833 0.523182 0.839949 0.49789 -0.215849 0.0662106 -0.101146 0.992666
478 1.32379 0.127379 -0.85606 0.9199 -0.2912 -0.2625 0.422729 0.540793 0.276815 0.956596 -0.0910954 0.266082 -0.0279743 0.963544
479 1.04541 -0.157597 -0.147996 0.5862 -0.8084 0.0528 0.339988 0.463701 0.805821 0.57516 -0.140864 -0.00129324 0.0642386 0.997934
480 0.89693 -0.116701 -1.07806 0.2467 -0.8123 -0.5285 0.353162 0.580314 0.943056 0.326792 -0.0620635 0.194832 -0.492646 0.84814
481 1.08127 0.175115 -1.28756 0.4217 -0.2476 -0.8722 0.429528 0.599675 0.565605 0.823725 0.039589 0.851879 -0.221134 0.474764
482 1.04202 -0.190494 -0.637866 0.483 -0.8672 -0.1206 0.336833 0.523182 0.840004 0.49789 -0.215635 0.368493 0.0763747 0.926488
483 1.32379 0.127379 -0.85606 0.9199 -0.2912 -0.2625 0.422729 0.540793 0.276815 0.956596 -0.0910954 0.266082 -0.0279743 0.963544
484 1.08127 0.175115 -1.28756 0.4217 -0.2476 -0.8722 0.429528 0.599675 -0.118151 0.938799 -0.323568 0.855935 -0.20858 0.473148
485 1.26711 0.600208 -0.689727 0.9854 -0.1624 0.0501 0.529375 0.520895 0.158829 0.98497 0.0678755 -0.0411875 0.0574275 0.9975
486 1.17518 0.692469 0.169032 0.9634 0.2672 -0.0184 0.539575 0.419263 -0.26608 0.962709 0.048922 -0.00258024 0.0779133 0.996957
487 1.26711 0.600208 -0.689727 0.9854 -0.1624 0.0501 0.529375 0.520895 0.15796 0.984045 0.081879 -0.043157 0.0460472 0.998007
488 1.05091 1.0685 0.197512 0.9405 0.3383 0.0304 0.622627 0.41822 -0.338523 0.940955 0.00246451 -0.0476754 0.0428677 0.997943
489 1.26711 0.600208 -0.689727 0.9854 -0.1624 0.0501 0.529375 0.520895 0.1682 0.974431 -0.148976 -0.0426431 0.0490204 0.997887
490 1.20036 0.538245 -1.22169 0.7199 -0.329 -0.6111 0.51765 0.587329 0.348578 0.932797 -0.091557 0.599022 -0.150114 0.786536
491 1.42354 0.897206 -0.707035 0.9933 0.0353 0.1095 0.604166 0.517761 -0.0123954 0.979175 -0.202638 -0.110313 0.0224612 0.993643
492 1.42354 0.897206 -0.707035 0.9933 0.0353 0.1095 0.604166 0.517761 -0.0551614 0.981498 0.183355 -0.109542 0.000119174 0.993982
493 1.38583 0.807576 -1.18181 0.8733 -0.027 -0.4864 0.586459 0.576539 0.0192699 0.999596 -0.0208912 0.485599 -0.0315141 0.873614
494 1.23195 1.21687 -0.594471 0.6381 0.769 0.0386 0.670954 0.508587 -0.769938 0.636811 0.040833 -0.0470156 -0.0111259 0.998832
495 -1.05209 -0.0646 0.954513 -0.3418 -0.6257 0.7012 0.082613 0.493339 -0.263757 -0.652278 -0.71061 0.936154 -0.292114 0.195667
496 -0.537873 -0.057997 1.15438 -0.2335 -0.8198 0.5228 0.058285 0.430133 -0.189223 -0.489097 -0.851457 0.972354 -0.196551 0.126075
497 -1.57134 0.110279 0.770709 -0.7358 -0.5525 0.3915 0.090851 0.568141 -0.0585348 -0.524129 -0.849625 0.677083 -0.610583 0.410788
498 -0.537873 -0.057997 1.15438 -0.2335 -0.8198 0.5228 0.058285 0.430133 -0.189223 -0.489097 -0.851457 0.972354 -0.196551 0.126075
499 -0.154563 -0.1145 1.22899 -0.0862 -0.8494 0.5206 0.053708 0.37999 -0.166649 -0.502903 -0.848126 0.996277 -0.0740398 0.0441595
500 -0.706694 0.190636 1.34694 -0.3263 -0.4738 0.818 0.016271 0.463701 -0.339463 -0.748883 -0.569157 0.929144 -0.319913 0.185331
501 -0.706694 0.190636 1.34694 -0.3263 -0.4738 0.818 0.736508 0.907693 0.912495 0.068005 0.403397 0.534891 0.620903 0.573036
502 -0.13512 0.156677 1.50502 -0.0736 -0.1842 0.9801 0.78606 0.929843 0.993841 0.0680854 0.0874278 0.292085 0.935723 0.197759
503 -1.04357 0.402928 1.28959 -0.4341 -0.3292 0.8386 0.694133 0.856296 0.876289 0.0616444 0.477825 0.51642 0.671781 0.531057
504 0.243586 -0.141476 1.19107 0.0805 -0.8493 0.5216 0.060049 0.331018 -0.392626 -0.508089 -0.76661 0.99674 0.0657536 -0.0467538
505 0.494274 0.153436 1.39946 0.1493 -0.4769 0.8662 0.012308 0.317016 -0.290533 -0.858499 -0.422576 0.987747 0.112196 -0.10848
506 -0.154563 -0.1145 1.22899 -0.0862 -0.8494 0.5206 0.053708 0.37999 -0.166649 -0.502903 -0.848126 0.996277 -0.0740398 0.0441595
507 0.736314 -0.076033 1.06676 0.3021 -0.8881 0.3465 0.069266 0.277265 -0.0661296 -0.382124 -0.921742 0.952164 0.263551 -0.154674
508 1.01459 0.183491 1.31295 0.4499 -0.5911 0.6694 0.019832 0.257403 -0.236081 -0.801636 -0.549222 0.892083 0.332876 -0.305584
509 0.243586 -0.141476 1.19107 0.0805 -0.8493 0.5216 0.060049 0.331018 -0.258056 -0.523266 -0.812158 0.996667 0.0617747 -0.0532795
510 1.01459 0.183491 1.31295 0.4499 -0.5911 0.6694 0.913859 0.923031 0.884529 0.191438 -0.425394 0.616935 0.747712 0.245595
511 1.15527 0.478039 1.38159 0.6485 -0.0321 0.7605 0.907061 0.866441 0.758885 -0.0508108 -0.64924 0.339914 0.906175 -0.251606
512 0.494274 0.153436 1.39946 0.1493 -0.4769 0.8662 0.857058 0.929867 0.985248 -0.00235585 -0.171117 0.586987 0.747693 0.310486
513 0.260077 0.45264 1.36545 -0.1891 -0.1869 0.964 0.818683 0.862527 0.938772 0.253523 0.233309 0.834402 0.486987 0.258103
514 0.667029 0.439932 1.44868 0.1267 -0.0326 0.9914 0.855242 0.87408 0.959162 0.258841 -0.114061 0.829668 0.551295 -0.0878905
515 -0.06687 0.65206 1.60219 -0.0063 -0.5229 0.8524 0.758736 0.83199 0.999414 -0.0319653 -0.0122169 0.513998 0.729461 0.451323
516 0.667029 0.439932 1.44868 0.1267 -0.0326 0.9914 0.855242 0.87408 0.991774 0.0224823 -0.126008 0.364685 0.930993 -0.0159958
517 1.15527 0.478039 1.38159 0.6485 -0.0321 0.7605 0.907061 0.866441 0.758885 -0.0508108 -0.64924 0.339914 0.906175 -0.251606
518 0.524189 0.69141 1.41045 0.1147 -0.2422 0.9634 0.829103 0.817389 0.993086 0.00359157 -0.117332 0.493917 0.855359 0.156224
519 0.524189 0.69141 1.41045 0.1147 -0.2422 0.9634 0.829103 0.817389 0.993086 0.00359157 -0.117332 0.493917 0.855359 0.156224
520 0.936321 0.677546 1.42649 0.3206 0.1589 0.9338 0.870663 0.825108 0.947214 -0.0557786 -0.315713 0.305178 0.915935 -0.260635
521 -0.065279 1.10293 1.79604 -0.0864 0.1465 0.9854 0.720806 0.748841 0.994044 0.07861 0.0754767 0.858524 0.512772 -0.000915301
522 -0.862364 -0.219203 -0.537108 -0.0435 -0.9704 -0.2373 0.448079 0.645712 0.994019 -0.0182295 -0.107674 0.390603 -0.235169 0.890014
523 -1.34644 -0.078697 -0.808084 -0.4672 -0.7146 -0.5206 0.408067 0.681919 0.876295 -0.295925 -0.380177 0.234313 -0.667855 0.706447
524 -0.692441 -0.114299 -0.835835 0.23 -0.6944 -0.6818 0.481603 0.676941 0.931089 -0.0468098 0.361778 0.565951 -0.474488 0.674211
525 -1.09463 -0.254018 -0.118459 -0.1221 -0.9916 -0.0412 0.223692 0.49759 0.142867 0.0235349 -0.989462 0.984661 -0.126256 0.120427
526 -1.54844 -0.153801 -0.255587 -0.7394 -0.6547 -0.1565 0.232244 0.559494 0.113757 0.107632 -0.987661 0.659626 -0.751124 0.0265966
527 -0.862364 -0.219203 -0.537108 -0.0435 -0.9704 -0.2373 0.270084 0.476118 0.161043 0.227611 -0.960343 0.98632 -0.0795344 0.144383
528 -1.54844 -0.153801 -0.255587 -0.7394 -0.6547 -0.1565 0.747834 0.638881 -0.307058 0.121125 0.943951 -0.669913 0.738497 0.0764109
529 -1.64888 0.429819 -0.064031 -0.9992 0.0001 0.0399 0.758928 0.511854 0.0399003 0.0030748 0.999199 0.00585066 0.989553 0.14405
530 -1.34644 -0.078697 -0.808084 -0.4672 -0.7146 -0.5206 0.685316 0.611284 -0.571355 -0.205312 0.794607 -0.658764 0.674124 -0.334046
531 -1.09463 -0.254018 -0.118459 -0.1221 -0.9916 -0.0412 0.223692 0.49759 0.0680597 0.0330388 -0.997134 0.981206 -0.126873 0.14539
532 -1.15573 -0.217847 0.459469 -0.2767 -0.9377 0.2098 0.152906 0.501317 0.00860675 -0.220725 -0.975298 0.957074 -0.249354 0.147755
533 -1.54844 -0.153801 -0.255587 -0.7394 -0.6547 -0.1565 0.232244 0.559494 0.168057 0.0455538 -0.984724 0.654705 -0.753516 0.0597958
534 -1.15573 -0.217847 0.459469 -0.2767 -0.9377 0.2098 0.152906 0.501317 -0.0568149 -0.202016 -0.977733 0.945898 -0.227357 0.231485
535 -1.05209 -0.0646 0.954513 -0.3418 -0.6257 0.7012 0.082613 0.493339 -0.263757 -0.652278 -0.71061 0.936154 -0.292114 0.195667
536 -1.55038 0.033513 0.487642 -0.7913 -0.5919 0.1529 0.130148 0.56376 0.0124532 -0.265693 -0.963977 0.602256 -0.711577 0.361866
537 -1.57134 0.110279 0.770709 -0.7358 -0.5525 0.3915 0.867108 0.582712 0.298595 0.25414 0.919921 -0.460348 0.832173 0.309142
538 -1.64806 0.452009 0.853586 -0.9136 0.0898 0.3966 0.869574 0.509078 0.39011 -0.0816358 0.917142 0.129477 0.98879 0.0743667
539 -1.55038 0.033513 0.487642 -0.7913 -0.5919 0.1529 0.834672 0.598424 0.109074 0.109369 0.987999 -0.5484 0.797881 0.250287
540 -1.64648 0.462612 0.459024 -0.9937 0.1071 0.0343 0.821728 0.505625 0.0346415 0.0013657 0.999399 0.110305 0.987582 0.111872
541 -1.43432 1.0171 0.746778 -0.8247 0.505 0.2546 0.853441 0.371158 0.251038 -0.0765187 0.964948 0.52121 0.853417 -0.00445815
542 -1.64888 0.429819 -0.064031 -0.9992 0.0001 0.0399 0.758928 0.511854 0.0399003 0.0030748 0.999199 0.00585066 0.989553 0.14405
543 -1.64806 0.452009 0.853586 -0.9136 0.0898 0.3966 0.869574 0.509078 0.39011 -0.0816358 0.917142 0.129477 0.98879 0.0743667
544 -1.28159 0.883991 1.21808 -0.6468 0.2888 0.7058 0.916733 0.395483 0.697072 -0.151506 0.700811 0.490836 0.86601 0.0954284
545 -1.64648 0.462612 0.459024 -0.9937 0.1071 0.0343 0.821728 0.505625 0.0346415 0.0013657 0.999399 0.110305 0.987582 0.111872
546 -1.43432 1.0171 0.746778 -0.8247 0.505 0.2546 0.853441 0.371158 0.251038 -0.0765187 0.964948 0.52121 0.853417 -0.00445815
547 -1.28159 0.883991 1.21808 -0.6468 0.2888 0.7058 0.916733 0.395483 0.697072 -0.151506 0.700811 0.490836 0.86601 0.0954284
548 -1.17643 1.28123 0.64638 -0.424 0.8907 0.1639 0.844101 0.299353 0.262268 -0.0524612 0.963568 0.886619 0.445152 -0.12548
549 -0.681862 1.18046 -1.48157 -0.301 0.8199 -0.4868 0.489191 1 0.83337 -0.0219691 -0.552279 -0.582169 -0.562461 -0.587126
550 -0.174992 1.14717 -1.80116 0.1669 0.3982 -0.9019 0.563922 0.999909 0.930335 -0.36657 0.0101858 -0.310835 -0.846916 -0.43141
551 -0.974527 0.926074 -1.43144 -0.5491 0.0864 -0.8313 0.460672 0.936465 0.83021 -0.0580898 -0.554417 -0.207296 -0.977641 0.0353137
552 -0.174992 1.14717 -1.80116 0.1669 0.3982 -0.9019 0.563922 0.999909 0.947851 0.187045 0.258056 0.541549 -0.801563 -0.25342
553 0.105258 1.12682 -1.58507 0.2265 0.7973 -0.5594 0.582099 0.992618 0.849551 0.119183 0.513867 0.96289 -0.0971096 0.251819
554 -0.263198 0.91678 -1.71677 -0.2181 -0.1817 -0.9588 0.554998 0.942537 0.968681 -0.159993 -0.189892 0.0614556 -0.983109 0.172396
555 -0.263198 0.91678 -1.71677 -0.2181 -0.1817 -0.9588 0.554998 0.942537 0.975773 -0.0235125 -0.217517 -0.0646354 -0.977663 0.199994
556 0.153226 0.839249 -1.83223 0.1508 0.0222 -0.9883 0.608937 0.927838 0.987613 -0.047255 0.149622 -0.294848 -0.953234 -0.0664037
557 -0.775458 0.497559 -1.4025 -0.4322 -0.2968 -0.8515 0.491069 0.833696 0.898578 -0.0623371 -0.434363 -0.0198053 -0.940927 0.33803
558 0.105258 1.12682 -1.58507 0.2265 0.7973 -0.5594 0.273048 0.935877 -0.785387 -0.190176 -0.589067 -0.614608 0.562557 0.55298
559 0.770454 1.12219 -1.2997 0.2874 0.7995 -0.5274 0.187902 0.964809 -0.772669 -0.131868 -0.620962 -0.59266 0.581019 0.557826
560 0.153226 0.839249 -1.83223 0.1508 0.0222 -0.9883 0.293309 0.974754 -0.942766 -0.297534 -0.150551 -0.502985 0.86239 -0.0573592
561 0.770454 1.12219 -1.2997 0.2874 0.7995 -0.5274 0.639569 0.60714 -0.82886 0.483564 0.281349 0.917844 -0.0725026 0.390264
562 1.30375 1.08375 -1.02354 0.6959 0.6588 -0.2857 0.646477 0.558891 -0.653695 0.745899 0.127743 0.653797 -0.416643 0.631631
563 0.802037 0.850318 -1.52859 0.4269 0.1494 -0.8918 0.579472 0.634736 -0.63267 0.754045 -0.176477 0.903327 -0.115868 0.413008
564 0.802037 0.850318 -1.52859 0.4269 0.1494 -0.8918 0.579472 0.634736 0.290871 0.911174 0.291814 0.904143 -0.087623 0.418147
565 1.38583 0.807576 -1.18181 0.8733 -0.027 -0.4864 0.586459 0.576539 0.0192699 0.999596 -0.0208912 0.485599 -0.0315141 0.873614
566 0.556317 0.449266 -1.4965 0.2259 -0.4303 -0.8739 0.477201 0.638881 0.493383 0.824114 -0.278226 0.918773 -0.204017 0.337984
567 -0.199824 0.33682 -1.53642 -0.117 -0.5871 -0.801 0.565426 0.800031 0.992847 -0.0884775 -0.0801687 0.0721556 -0.809445 0.582746
568 0.556317 0.449266 -1.4965 0.2259 -0.4303 -0.8739 0.642437 0.830035 0.969469 0.0114855 0.244944 0.345879 -0.803235 0.484955
569 -0.180515 0.060946 -1.2339 -0.1316 -0.8494 -0.511 0.556413 0.728457 0.982527 -0.180207 0.0465435 0.237977 -0.527519 0.815531
570 0.556317 0.449266 -1.4965 0.2259 -0.4303 -0.8739 0.642437 0.830035 0.954355 -0.0821225 0.287163 0.356838 -0.798209 0.485314
571 1.20036 0.538245 -1.22169 0.7199 -0.329 -0.6111 0.693981 0.849803 0.676415 0.135243 0.723998 0.308518 -0.637026 0.70641
572 0.512712 0.114694 -1.19838 0.072 -0.5648 -0.8221 0.628288 0.744097 0.995073 -0.0156512 0.0979015 0.0841968 -0.817841 0.569251
573 0.512712 0.114694 -1.19838 0.072 -0.5648 -0.8221 0.628288 0.744097 0.995073 -0.0156512 0.0979015 0.0841968 -0.817841 0.569251
574 1.08127 0.175115 -1.28756 0.4217 -0.2476 -0.8722 0.693822 0.7629 0.906742 0.110241 0.407022 0.199246 -0.913156 0.355594
575 0.468949 -0.142859 -1.02681 -0.0769 -0.8426 -0.5329 0.619708 0.678892 0.995941 -0.0398518 -0.0807026 0.147717 -0.538297 0.829708
